[]
[]
[]
[]
[]
[]
[]
[]
[]
[]
[]
[]
[]
[]
[]
[]
[]
[]
[]
[]
[]
[]
[]
[]
[]
[]
[]
[]
[]
[]
[]
[]
[]
[]
[]
[]
[]
[]
[]
[]
[]
[]
[]
[]
[]
[]
[]
[]
[]
[]
[]
[]
[]
[]
[]
[]
[]
[]
[]
[]
[]
[]
[]
[]
[]
[]
[]
[]
[]
[]
[]
[]
[]
[]
[]
[]
[]
[]
[]
[]
[]
[]
[]
[]
[]
[]
[]
[]
[]
[]
[]
[]
[]
[]
[]
[]
[]
[]
[]
[]
[]
[]
[]
[]
[]
[]
[]
[]
[]
[]
[]
[]
[]
[]
[]
[]
[]
[]
[]
[]
[]
[]
[]
[]
[]
[]
[]
[]
[]
[]
[]
[]
[]
[]
[]
[]
[]
[]
[]
[]
[]
[]
[]
[]
[]
[]
[]
[]
[]
[]
[]
[]
[]
[]
[]
[]
[]
[]
[]
[]
[]
[]
[]
[]
[]
[]
[]
[]
[]
[]
[]
[]
[]
[]
[]
[]
[]
[]
[]
[]
[]
[]
[]
[]
[]
[]
[]
[]
[]
[]
[]
[]
[]
[]
[]
[]
[]
[]
[]
[]
[]
[]
[]
[]
[]
[]
[]
[]
[]
[]
[]
[]
[]
[]
[]
[]
[]
[]
[]
[]
[]
[]
[]
[]
[]
[]
[]
[]
[]
[]
[]
[]
[]
[]
[]
[]
[]
[]
[]
[]
[]
[]
[]
[]
[]
[]
[]
[]
[]
[]
[]
[]
[]
[]
[]
[]
[]
[]
[]
[]
[]
[]
[]
[]
[]
[]
[]
[]
[]
[]
[]
[]
[]
[]
[]
[]
[]
[]
[]
[]
[]
[]
[]
[]
[]
[]
[]
[]
[]
[]
[]
[]
[]
[]
[]
[]
[]
[]
[]
[]
[]
[]
[]
[]
[]
[]
[]
[]
[]
[]
[]
[]
[]
[]
[]
[]
[]
[]
[]
[]
[]
[]
[]
[]
[]
[]
[]
[]
[]
[]
[]
[]
[]
[]
[]
[]
[]
[]
[]
[]
[]
[]
[]
[]
[]
[]
[]
[]
[]
[]
[]
[]
[]
[]
[]
[]
[]
[]
[]
[]
[]
[]
[]
[]
[]
[]
[]
[]
[]
[]
[]
[]
[]
[]
[]
[]
[]
[]
[]
[]
[]
[]
[]
[]
[]
[]
[]
[]
[]
[]
[]
[]
[]
[]
[]
[]
[]
[]
[]
[]
[]
[]
[]
[]
[]
[]
[]
[]
[]
[]
[]
[]
[]
[]
[]
[]
[]
[]
[]
[]
[]
[]
[]
[]
[]
[]
[]
[]
[]
[]
[]
[]
[]
[]
[]
[]
[]
[]
[]
[]
[]
[]
[]
[]
[]
[]
[]
[]
[]
[]
[]
[]
[]
[]
[]
[]
[]
[]
[]
[]
[]
[]
[]
[]
[]
[]
[]
[]
[]
[]
[]
[]
[]
[]
[]
[]
[]
[]
[]
[]
[]
[]
[]
[]
[]
[]
[]
[]
[]
[]
[]
[]
[]
[]
[]
[]
[]
[]
[]
[]
[]
[]
[]
[]
[]
[]
[]
[]
[]
[]
[]
[]
[]
[]
[]
[]
[]
[]
[]
[]
[]
[]
[]
[]
[]
[]
[]
[]
[]
[]
[]
[]
[]
[]
[]
[]
[]
[]
[]
[]
[]
[]
[]
[]
[]
[]
[]
[]
[]
[]
[]
[]
[]
[]
[]
[]
[]
[]
[]
[]
[]
[]
[]
[]
[]
[]
[]
[]
[]
[]
[]
[]
[]
[]
[]
[]
[]
[]
[]
[]
[]
[]
[]
[]
[]
[]
[]
[]
[]
[]
[]
[]
[]
[]
[]
[]
[]
[]
[]
[]
[]
[]
[]
[]
[]
[]
[]
[]
[]
[]
[]
[]
[]
[]
[]
[]
[]
[]
[]
[]
[]
[]
[]
[]
[]
[]
[]
[]
[]
[]
[]
[]
[]
[]
[]
[]
[]
[]
[]
[]
[]
[]
[]
[]
[]
[]
[]
[]
[]
[]
[]
[]
[]
[]
[]
[]
[]
[]
[]
[]
[]
[]
[]
[]
[]
[]
[]
[]
[]
[]
[]
[]
[]
[]
[]
[]
[]
[]
[]
[]
[]
[]
[]
[]
[]
[]
[]
[]
[]
[]
[]
[]
[]
[]
[]
[]
[]
[]
[]
[]
[]
[]
[]
[]
[]
[]
[]
[]
[]
[]
[]
[]
[]
[]
[]
[]
[]
[]
[]
[]
[]
[]
[]
[]
[]
[]
[]
[]
[]
[]
[]
[]
[]
[]
[]
[]
[]
[]
[]
[[0.0, 214.79693603515625, 134.77676391601562, 233.5726776123047, 146.1453857421875, 0.8839547634124756]]
[[0.0, 213.16558837890625, 132.58367919921875, 237.35751342773438, 145.98887634277344, 0.837230384349823]]
[[0.0, 224.43374633789062, 132.13815307617188, 249.62709045410156, 142.13815307617188, 0.844042181968689]]
[[0.0, 224.47335815429688, 130.75167846679688, 250.36767578125, 141.1844940185547, 0.7612228393554688]]
[[0.0, 203.9439239501953, 119.80168151855469, 227.21498107910156, 130.24734497070312, 0.7286568284034729]]
[[0.0, 208.61996459960938, 134.53228759765625, 242.74508666992188, 151.10353088378906, 0.5601294636726379]]
[[0.0, 242.7230224609375, 128.59072875976562, 266.09251403808594, 138.6907958984375, 0.6218165755271912]]
[[0.0, 240.67254638671875, 127.76368713378906, 268.2931671142578, 139.81354522705078, 0.5488687753677368]]
[[0.0, 241.22833251953125, 128.08224487304688, 266.29559326171875, 140.9872817993164, 0.6067423224449158]]
[[0.0, 242.7359619140625, 130.64100646972656, 266.6815643310547, 143.36244201660156, 0.8168046474456787]]
[[0.0, 194.44625854492188, 110.50821685791016, 215.22792053222656, 123.4913558959961, 0.8437171578407288]]
[[0.0, 195.0848846435547, 114.98269653320312, 215.9960479736328, 127.50152587890625, 0.7854475378990173]]
[[0.0, 200.65020751953125, 109.84612274169922, 222.51539611816406, 122.48221588134766, 0.808694064617157]]
[[0.0, 202.99591064453125, 109.22096252441406, 223.5413055419922, 122.21642303466797, 0.6196197271347046]]
[[0.0, 202.0093231201172, 109.4098129272461, 222.70021057128906, 122.11922454833984, 0.6082861423492432]]
[[0.0, 205.86709594726562, 107.36067199707031, 230.9138946533203, 125.26496887207031, 0.5306802988052368]]
[[0.0, 181.70779418945312, 99.629150390625, 204.6978302001953, 113.78565979003906, 0.4579945504665375]]
[[0.0, 188.40594482421875, 116.19584655761719, 212.57249450683594, 132.75293731689453, 0.4005597233772278]]
[[0.0, 160.16848754882812, 81.1003646850586, 179.8668670654297, 97.62308502197266, 0.365004301071167]]
[[0.0, 162.92689514160156, 74.77566528320312, 185.44117736816406, 89.2134780883789, 0.5911707282066345]]
[[0.0, 154.94085693359375, 63.476783752441406, 177.35617065429688, 76.52694320678711, 0.8481121063232422]]
[[0.0, 147.97381591796875, 67.87925720214844, 173.25729370117188, 84.48953247070312, 0.46946221590042114]]
[[0.0, 137.08480834960938, 82.01303100585938, 163.07260131835938, 98.01590728759766, 0.45755064487457275]]
[[0.0, 133.919677734375, 84.62892150878906, 155.59555053710938, 100.2636947631836, 0.511279821395874]]
[[0.0, 131.12939453125, 71.3109130859375, 153.42832946777344, 85.7933578491211, 0.6171374917030334]]
[[0.0, 131.57652282714844, 75.48117065429688, 158.7875518798828, 89.88684844970703, 0.4506831169128418]]
[[0.0, 128.2635040283203, 91.43173217773438, 150.02718353271484, 106.02449798583984, 0.6516956090927124]]
[[0.0, 123.81515502929688, 89.4898681640625, 148.54570770263672, 104.29663848876953, 0.4400530457496643]]
[[0.0, 132.38491821289062, 77.381591796875, 165.4925079345703, 98.64734649658203, 0.517504096031189]]
[[0.0, 131.14381408691406, 92.48146057128906, 154.15245056152344, 106.7096176147461, 0.4794532358646393]]
[[0.0, 135.584716796875, 88.86131286621094, 159.03700256347656, 101.82735443115234, 0.6618567705154419]]
[[0.0, 136.05128479003906, 87.790771484375, 160.8225555419922, 100.50360870361328, 0.6493278741836548]]
[[0.0, 132.87704467773438, 90.77327728271484, 158.71559143066406, 105.2660903930664, 0.5753920078277588]]
[[0.0, 131.52166748046875, 89.49478149414062, 155.9627685546875, 102.15372467041016, 0.637093722820282]]
[[0.0, 132.485107421875, 91.34725952148438, 156.40074157714844, 105.8343734741211, 0.5279792547225952]]
[[0.0, 130.0609588623047, 87.98326110839844, 155.22596740722656, 101.1583480834961, 0.5268957614898682]]
