[[0.0, 585.128662109375, 380.5986328125, 660.9672241210938, 412.6666259765625, 0.9826921224594116]]
[[0.0, 585.1978759765625, 380.68292236328125, 661.1328125, 412.87579345703125, 0.9828040599822998]]
[[0.0, 585.199951171875, 380.6793518066406, 661.1316528320312, 412.8694152832031, 0.9828081727027893]]
[[0.0, 586.7261962890625, 380.932373046875, 661.43359375, 413.0417175292969, 0.9822705388069153]]
[[0.0, 586.3125610351562, 381.01043701171875, 661.8715209960938, 413.4450378417969, 0.9822893738746643]]
[[0.0, 585.6061401367188, 380.9212341308594, 662.2396850585938, 413.3139953613281, 0.9823178052902222]]
[[0.0, 584.684814453125, 380.973876953125, 661.59375, 413.06927490234375, 0.9826823472976685]]
[[0.0, 584.7696533203125, 380.6979675292969, 661.0950927734375, 413.0075378417969, 0.9828780889511108]]
[[0.0, 586.4962768554688, 380.97998046875, 661.2150268554688, 413.0275573730469, 0.9825634360313416]]
[[0.0, 585.2989501953125, 380.9329833984375, 660.6121826171875, 413.6303405761719, 0.9824295043945312]]
[[0.0, 584.0159301757812, 380.8043212890625, 660.4035034179688, 413.5557556152344, 0.9824605584144592]]
[[0.0, 583.1724243164062, 380.6086730957031, 660.3135375976562, 413.6424255371094, 0.9826032519340515]]
[[0.0, 584.0965576171875, 380.9146728515625, 660.2915649414062, 413.6102600097656, 0.9823290705680847]]
[[0.0, 585.4017944335938, 380.94317626953125, 660.3035278320312, 413.5243225097656, 0.9819707870483398]]
[[0.0, 584.3792724609375, 381.01348876953125, 660.3561401367188, 413.7629089355469, 0.98248690366745]]
[[0.0, 583.0975341796875, 380.72406005859375, 660.8300170898438, 413.7463684082031, 0.9823169708251953]]
[[0.0, 584.3775634765625, 380.75469970703125, 660.9920654296875, 413.7090759277344, 0.9827561378479004]]
[[0.0, 585.0079345703125, 381.07196044921875, 660.3076782226562, 413.7298889160156, 0.9823440313339233]]
[[0.0, 585.0038452148438, 381.07269287109375, 660.3080444335938, 413.73223876953125, 0.9823485016822815]]
[[0.0, 584.087646484375, 380.8399658203125, 661.7323608398438, 413.6118469238281, 0.9822491407394409]]
[[0.0, 583.438720703125, 380.6580810546875, 662.1005859375, 413.7186584472656, 0.982254683971405]]
[[0.0, 584.5489501953125, 380.94622802734375, 661.8316650390625, 414.1197814941406, 0.9823728203773499]]
[[0.0, 585.1554565429688, 380.919921875, 661.9081420898438, 413.69049072265625, 0.9820259213447571]]
[[0.0, 585.1883544921875, 380.9231872558594, 661.864501953125, 413.6657409667969, 0.9820300936698914]]
[[0.0, 584.2037353515625, 380.71173095703125, 661.9103393554688, 413.5805969238281, 0.9823196530342102]]
[[0.0, 584.5650634765625, 381.0458068847656, 662.0087280273438, 413.8278503417969, 0.9818549156188965]]
[[0.0, 584.6212768554688, 380.97503662109375, 662.0739135742188, 413.7181396484375, 0.9819133877754211]]
[[0.0, 584.4476318359375, 380.8663330078125, 661.7665405273438, 413.53778076171875, 0.982117235660553]]
[[0.0, 584.4483032226562, 380.865478515625, 661.7659301757812, 413.53875732421875, 0.9821281433105469]]
[[0.0, 587.0272216796875, 380.95599365234375, 660.7230224609375, 413.7344055175781, 0.9819087982177734]]
[[0.0, 586.703125, 380.7607421875, 660.845458984375, 413.47607421875, 0.9818443655967712]]
[[0.0, 587.440185546875, 380.6643981933594, 660.8612060546875, 413.6640319824219, 0.9823213815689087]]
[[0.0, 587.18310546875, 380.6365051269531, 660.9420166015625, 413.5298767089844, 0.9827805757522583]]
[[0.0, 587.1829833984375, 380.63665771484375, 660.9428100585938, 413.5304260253906, 0.982780933380127]]
[[0.0, 587.0450439453125, 380.5068359375, 661.0557250976562, 413.6578063964844, 0.9830228686332703]]
[[0.0, 587.317138671875, 379.82958984375, 660.2728271484375, 413.3334655761719, 0.9832284450531006]]
[[0.0, 587.0504150390625, 379.3447265625, 660.1249389648438, 413.41510009765625, 0.9828521609306335]]
[[0.0, 587.0459594726562, 378.40032958984375, 659.3765258789062, 412.7900390625, 0.9828997254371643]]
[[0.0, 587.0431518554688, 378.3974304199219, 659.3771362304688, 412.7873840332031, 0.9828967452049255]]
[[0.0, 584.1322021484375, 373.3114013671875, 656.3262329101562, 412.9977722167969, 0.9841352105140686]]
[[0.0, 583.6691284179688, 371.2015380859375, 655.7850952148438, 410.6515197753906, 0.9839810729026794]]
[[0.0, 583.6671142578125, 371.20013427734375, 655.7839965820312, 410.6493225097656, 0.9883481860160828]]
[[0.0, 583.227783203125, 369.9831848144531, 654.955078125, 408.7460632324219, 0.9874078035354614]]
[[0.0, 583.2269287109375, 369.9835205078125, 654.9551391601562, 408.7455749511719, 0.9871262907981873]]
[[0.0, 583.99658203125, 368.91644287109375, 654.7625122070312, 407.8520202636719, 0.9874154925346375]]
[[0.0, 582.8037719726562, 368.489501953125, 654.1732788085938, 408.0676574707031, 0.9866328239440918]]
[[0.0, 582.7880859375, 368.06982421875, 653.6552124023438, 407.4290466308594, 0.9868355989456177]]
[[0.0, 583.0092163085938, 367.447998046875, 652.7825317382812, 405.1039123535156, 0.9866712689399719]]
[[0.0, 582.6685180664062, 367.0733642578125, 651.6615600585938, 403.9517517089844, 0.9861120581626892]]
[[0.0, 584.1630249023438, 367.4011535644531, 651.5691528320312, 403.3027038574219, 0.9813023209571838]]
[[0.0, 584.1395263671875, 366.8037109375, 650.8525390625, 402.7041320800781, 0.9871152639389038]]
[[0.0, 583.3961791992188, 366.2830810546875, 650.0985717773438, 402.3433837890625, 0.9866470098495483]]
[[0.0, 582.7261352539062, 366.168212890625, 649.0809936523438, 403.0160217285156, 0.985614001750946]]
[[0.0, 579.9376220703125, 363.756591796875, 644.0927734375, 400.8802795410156, 0.9809818267822266]]
[[0.0, 579.935546875, 363.75909423828125, 644.0905151367188, 400.8810729980469, 0.9809912443161011]]
[[0.0, 577.90966796875, 363.70318603515625, 643.3286743164062, 400.68487548828125, 0.9783970713615417]]
[[0.0, 577.197021484375, 363.7313232421875, 642.93994140625, 400.468994140625, 0.9742961525917053]]
[[0.0, 571.6053466796875, 362.6653747558594, 636.4484252929688, 399.2349548339844, 0.9776345491409302]]
[[0.0, 569.359130859375, 360.8955078125, 634.8578491210938, 397.5963134765625, 0.9825678467750549]]
[[0.0, 568.9762573242188, 353.59637451171875, 632.6194458007812, 395.8958740234375, 0.9846526980400085]]
[[0.0, 567.510498046875, 352.81488037109375, 630.6918334960938, 394.5648498535156, 0.9884709119796753]]
[[0.0, 564.63037109375, 351.7191467285156, 627.6608276367188, 393.4602355957031, 0.9871978163719177]]
[[0.0, 562.1693115234375, 351.3670349121094, 625.6025390625, 392.3641662597656, 0.9863678812980652]]
[[0.0, 561.0198974609375, 349.6883239746094, 624.3709106445312, 390.8885803222656, 0.9864147305488586]]
[[0.0, 561.019287109375, 349.68841552734375, 624.3710327148438, 390.8885803222656, 0.9864180088043213]]
[[0.0, 558.6622314453125, 347.98272705078125, 622.5969848632812, 390.4674072265625, 0.9863982796669006]]
[[0.0, 554.8067626953125, 347.25921630859375, 620.2238159179688, 389.4040222167969, 0.9838677644729614]]
[[0.0, 549.6754150390625, 343.8758850097656, 611.7046508789062, 384.3578796386719, 0.9798442125320435]]
[[0.0, 546.1997680664062, 343.3648681640625, 608.1561889648438, 383.03692626953125, 0.9809947609901428]]
[[0.0, 542.31640625, 335.6328430175781, 613.7194213867188, 379.5372009277344, 0.9809503555297852]]
[[0.0, 540.67431640625, 334.1695556640625, 611.0509033203125, 377.5094299316406, 0.981762170791626]]
[[0.0, 538.047119140625, 333.13555908203125, 608.8098754882812, 376.0215759277344, 0.9827147126197815]]
[[0.0, 533.49609375, 330.64678955078125, 605.9428100585938, 373.8348693847656, 0.9829608798027039]]
[[0.0, 530.3152465820312, 328.9481506347656, 602.0610961914062, 373.0365905761719, 0.9878326654434204]]
[[0.0, 530.315185546875, 328.9477233886719, 602.0613403320312, 373.0365295410156, 0.987834095954895]]
[[0.0, 528.5858154296875, 327.9500732421875, 598.4789428710938, 371.4314880371094, 0.9874775409698486]]
[[0.0, 525.6802368164062, 325.8070983886719, 595.8283081054688, 369.6761779785156, 0.9883743524551392]]
[[0.0, 523.7239990234375, 325.1612548828125, 592.7638549804688, 368.1833801269531, 0.9878559708595276]]
[[0.0, 517.4978637695312, 320.6288757324219, 588.2739868164062, 366.3082580566406, 0.9887216091156006]]
[[0.0, 517.5943603515625, 318.26190185546875, 586.3971557617188, 364.18035888671875, 0.9877620935440063]]
[[0.0, 515.8238525390625, 317.5783386230469, 584.4708862304688, 363.5366516113281, 0.9875401258468628]]
[[0.0, 514.285888671875, 316.744384765625, 583.2080078125, 363.1948547363281, 0.9869303703308105]]
[[0.0, 511.86669921875, 315.8308410644531, 580.6080627441406, 361.4233093261719, 0.9872978925704956]]
[[0.0, 506.0322265625, 311.0472412109375, 576.4156188964844, 356.4786682128906, 0.9874647855758667]]
[[0.0, 506.03106689453125, 311.04620361328125, 576.4161682128906, 356.47857666015625, 0.9908103942871094]]
[[0.0, 504.48846435546875, 309.7704162597656, 575.1585083007812, 356.7593688964844, 0.9902603030204773]]
[[0.0, 502.39166259765625, 308.68524169921875, 573.7343139648438, 352.8187255859375, 0.9897081851959229]]
[[0.0, 499.37261962890625, 307.2249755859375, 571.9821166992188, 350.0682678222656, 0.9882864356040955]]
[[0.0, 496.725341796875, 305.8088073730469, 571.1811218261719, 349.6369323730469, 0.9880189299583435]]
[[0.0, 492.60968017578125, 302.40570068359375, 565.2825622558594, 346.9052429199219, 0.9859470129013062]]
[[0.0, 490.6554870605469, 300.1698303222656, 564.9907531738281, 344.9527282714844, 0.9857819080352783]]
[[0.0, 488.1367492675781, 297.79931640625, 563.1674499511719, 342.9258117675781, 0.9896612167358398]]
[[0.0, 486.59600830078125, 296.55865478515625, 560.4537963867188, 342.2544250488281, 0.9893781542778015]]
[[0.0, 484.66326904296875, 295.4398193359375, 556.9907531738281, 341.825439453125, 0.9894550442695618]]
[[0.0, 482.34625244140625, 293.33465576171875, 555.1784362792969, 339.6788635253906, 0.9902151823043823]]
[[0.0, 480.24822998046875, 291.9373779296875, 552.9859313964844, 338.9779052734375, 0.990547239780426]]
[[0.0, 479.2816162109375, 290.9453125, 552.104736328125, 337.9699401855469, 0.9905573129653931]]
[[0.0, 477.9671936035156, 289.21868896484375, 550.6875915527344, 337.0310363769531, 0.9904242157936096]]
[[0.0, 476.76531982421875, 287.96728515625, 549.5573425292969, 335.6487121582031, 0.9906687140464783]]
[[0.0, 477.7777099609375, 287.5677490234375, 552.3316650390625, 334.5100402832031, 0.9872962236404419]]
[[0.0, 477.9642333984375, 286.5858154296875, 552.3527526855469, 334.1350402832031, 0.9914855360984802]]
[[0.0, 477.41876220703125, 285.9190673828125, 551.7327575683594, 332.8536682128906, 0.9909092783927917]]
[[0.0, 478.0384521484375, 285.3554992675781, 551.9638671875, 332.0196228027344, 0.9913510084152222]]
[[0.0, 478.7433166503906, 285.11444091796875, 551.9971618652344, 331.18804931640625, 0.9913042783737183]]
[[0.0, 479.302001953125, 284.294189453125, 552.3700256347656, 330.53741455078125, 0.9911758899688721]]
[[0.0, 478.9794006347656, 283.48614501953125, 552.3201599121094, 329.7037353515625, 0.9911273121833801]]
[[0.0, 479.7481384277344, 282.57037353515625, 552.6451721191406, 329.08203125, 0.9910878539085388]]
[[0.0, 480.3002014160156, 281.27496337890625, 553.5137634277344, 327.5810241699219, 0.9907604455947876]]
[[0.0, 481.7998352050781, 279.89410400390625, 555.0793151855469, 326.0934143066406, 0.9902564287185669]]
[[0.0, 483.7288818359375, 277.8912048339844, 556.567626953125, 322.4780578613281, 0.9860314130783081]]
[[0.0, 485.181396484375, 277.396728515625, 557.2044372558594, 321.4313049316406, 0.9856739640235901]]
[[0.0, 486.94451904296875, 276.68243408203125, 557.7881164550781, 320.77667236328125, 0.9853229522705078]]
[[0.0, 489.125, 276.1575927734375, 559.5970153808594, 319.94659423828125, 0.9840477108955383]]
[[0.0, 491.8612060546875, 275.3999328613281, 562.0302734375, 319.2439270019531, 0.9828349351882935]]
[[0.0, 493.5121765136719, 274.5006103515625, 564.3679504394531, 317.9703063964844, 0.983749508857727]]
[[0.0, 494.50897216796875, 273.26214599609375, 566.1600036621094, 317.3254699707031, 0.9844970703125]]
[[0.0, 496.9352722167969, 272.4165954589844, 567.9697570800781, 317.1518249511719, 0.9855561852455139]]
[[0.0, 500.2618408203125, 270.9930419921875, 570.4427490234375, 316.7274169921875, 0.9866809844970703]]
[[0.0, 502.06658935546875, 269.5881042480469, 572.4124450683594, 315.1210021972656, 0.9913886189460754]]
[[0.0, 506.474609375, 267.6325988769531, 576.4436340332031, 315.0669250488281, 0.9890974760055542]]
[[0.0, 508.9718017578125, 266.9947509765625, 576.6899719238281, 314.5001220703125, 0.9925628304481506]]
[[0.0, 510.06817626953125, 266.44061279296875, 577.1545104980469, 313.4354248046875, 0.9925685524940491]]
[[0.0, 510.9258117675781, 265.7242431640625, 577.7575378417969, 312.1460266113281, 0.992331862449646]]
[[0.0, 513.0997314453125, 264.66162109375, 579.3966674804688, 311.4855041503906, 0.9920552372932434]]
[[0.0, 514.9619750976562, 263.7135009765625, 581.1484985351562, 310.2672424316406, 0.9915434122085571]]
[[0.0, 515.6964111328125, 262.79412841796875, 580.9662475585938, 309.5333557128906, 0.9915613532066345]]
[[0.0, 517.6590576171875, 261.55072021484375, 582.4987182617188, 309.2071838378906, 0.9914048910140991]]
[[0.0, 520.1309814453125, 260.609375, 584.9865112304688, 307.763916015625, 0.9905636310577393]]
[[0.0, 522.494873046875, 258.6084289550781, 586.6648559570312, 305.3431701660156, 0.9893575310707092]]
[[0.0, 524.414306640625, 258.03851318359375, 584.6516723632812, 303.8017883300781, 0.9867627024650574]]
[[0.0, 525.843017578125, 256.7668151855469, 585.6077270507812, 302.3574523925781, 0.9868184328079224]]
[[0.0, 527.2232055664062, 254.68154907226562, 586.1036987304688, 300.0490417480469, 0.9865860939025879]]
[[0.0, 527.5491943359375, 253.65126037597656, 586.6930541992188, 298.64427185058594, 0.9904198050498962]]
[[0.0, 528.61572265625, 252.31863403320312, 587.0841674804688, 297.5624237060547, 0.9897376894950867]]
[[0.0, 528.6143798828125, 252.29971313476562, 587.112548828125, 297.56126403808594, 0.9897348880767822]]
[[0.0, 528.0536499023438, 251.71641540527344, 586.8705444335938, 297.18153381347656, 0.9895542860031128]]
[[0.0, 529.5343017578125, 251.52828979492188, 587.4138793945312, 296.4228820800781, 0.9893673062324524]]
[[0.0, 530.4140014648438, 251.20053100585938, 588.1801147460938, 295.85499572753906, 0.9892300963401794]]
[[0.0, 531.3165283203125, 250.45956420898438, 588.9677124023438, 295.2071075439453, 0.9890077114105225]]
[[0.0, 531.3392333984375, 248.1083984375, 592.7271118164062, 294.35902404785156, 0.985161542892456]]
[[0.0, 531.3399658203125, 248.10910034179688, 592.7255249023438, 294.3582458496094, 0.9851629137992859]]
[[0.0, 531.340576171875, 248.10923767089844, 592.7255249023438, 294.35816955566406, 0.985163152217865]]
[[0.0, 532.7063598632812, 246.20779418945312, 593.8960571289062, 292.8545227050781, 0.9844676852226257]]
[[0.0, 533.8917236328125, 244.77651977539062, 594.4141235351562, 291.1136016845703, 0.9846906065940857]]
[[0.0, 534.6671142578125, 244.63104248046875, 595.5146484375, 290.430419921875, 0.9846575856208801]]
[[0.0, 535.1300048828125, 244.27154541015625, 595.7633666992188, 289.5277862548828, 0.984814465045929]]
[[0.0, 535.12890625, 244.27093505859375, 595.7647094726562, 289.5285186767578, 0.9848119020462036]]
[[0.0, 535.3179321289062, 244.3308868408203, 596.0281372070312, 289.5155487060547, 0.9842670559883118]]
[[0.0, 535.3494873046875, 244.18943786621094, 596.4375, 289.40956115722656, 0.9844815731048584]]
[[0.0, 537.9905395507812, 243.14071655273438, 597.3981323242188, 286.3623962402344, 0.9851253032684326]]
[[0.0, 538.3232421875, 242.36074829101562, 597.6414184570312, 285.3510284423828, 0.9900060296058655]]
[[0.0, 539.0567626953125, 241.46932983398438, 598.5369262695312, 283.67652893066406, 0.990432858467102]]
[[0.0, 539.05419921875, 241.46678161621094, 598.5392456054688, 283.67787170410156, 0.9904347658157349]]
[[0.0, 539.7662353515625, 241.2263641357422, 598.6671142578125, 282.7481231689453, 0.9902116656303406]]
[[0.0, 540.3544311523438, 240.83413696289062, 599.2127075195312, 281.8268127441406, 0.9902693033218384]]
[[0.0, 540.680908203125, 240.09130859375, 599.3512573242188, 281.13714599609375, 0.990607738494873]]
[[0.0, 540.9237060546875, 239.5047607421875, 599.658203125, 280.60414123535156, 0.990375816822052]]
[[0.0, 541.3046875, 239.08493041992188, 600.2200927734375, 280.5043182373047, 0.9896626472473145]]
[[0.0, 541.3045043945312, 239.0845947265625, 600.2206420898438, 280.50457763671875, 0.9896626472473145]]
[[0.0, 539.7836303710938, 238.29930114746094, 602.2915649414062, 280.21241760253906, 0.9853053689002991]]
[[0.0, 539.9307861328125, 238.04151916503906, 602.2927856445312, 279.65611267089844, 0.9853085875511169]]
[[0.0, 539.811767578125, 235.84918212890625, 603.0878295898438, 278.0069580078125, 0.9845529794692993]]
[[0.0, 540.5904541015625, 235.611572265625, 603.6466064453125, 277.65257263183594, 0.9853773713111877]]
[[0.0, 540.58837890625, 235.6100616455078, 603.6483764648438, 277.6537322998047, 0.9853744506835938]]
[[0.0, 540.9424438476562, 235.07473754882812, 603.9032592773438, 277.1072692871094, 0.9851186275482178]]
[[0.0, 540.9469604492188, 234.59848022460938, 603.8823852539062, 276.6333312988281, 0.985192060470581]]
[[0.0, 541.5667724609375, 234.2464599609375, 603.9829711914062, 276.0816345214844, 0.9843723773956299]]
[[0.0, 542.0257568359375, 232.78765869140625, 604.36669921875, 275.231201171875, 0.9833120107650757]]
[[0.0, 542.9114990234375, 231.5750732421875, 604.9452514648438, 274.27748107910156, 0.9834876656532288]]
[[0.0, 542.8981323242188, 228.16824340820312, 609.7844848632812, 274.2515411376953, 0.9830507636070251]]
[[0.0, 543.4007568359375, 227.4263916015625, 609.9832153320312, 273.4226837158203, 0.9865550994873047]]
[[0.0, 543.999267578125, 227.07882690429688, 609.909912109375, 272.2066192626953, 0.9870806336402893]]
[[0.0, 544.582763671875, 224.99050903320312, 610.1952514648438, 270.9108428955078, 0.9870510101318359]]
[[0.0, 544.4473876953125, 224.38436889648438, 610.0104370117188, 270.0072784423828, 0.9870651960372925]]
[[0.0, 544.4488525390625, 224.38577270507812, 610.0106811523438, 270.00648498535156, 0.987068772315979]]
[[0.0, 545.3881225585938, 223.95660400390625, 609.7736206054688, 269.58592224121094, 0.9862239360809326]]
[[0.0, 545.61279296875, 223.64859008789062, 609.8923950195312, 268.7198486328125, 0.9868473410606384]]
[[0.0, 545.608154296875, 223.64706420898438, 609.8905029296875, 268.71986389160156, 0.9868532419204712]]
[[0.0, 546.1878662109375, 223.44683837890625, 610.5977172851562, 268.391357421875, 0.9866629242897034]]
[[0.0, 549.73193359375, 219.14874267578125, 611.7836303710938, 266.9567108154297, 0.9834105372428894]]
[[0.0, 550.216796875, 219.09039306640625, 611.6027221679688, 266.53858947753906, 0.9877650141716003]]
[[0.0, 550.683349609375, 217.97781372070312, 612.7449340820312, 265.48692321777344, 0.9882761836051941]]
[[0.0, 551.0955810546875, 217.10693359375, 612.9702758789062, 264.4502868652344, 0.9883041381835938]]
[[0.0, 551.09130859375, 217.10043334960938, 612.9653930664062, 264.4495391845703, 0.9884539246559143]]
[[0.0, 551.322021484375, 216.78189086914062, 613.4026489257812, 263.46803283691406, 0.9883952140808105]]
[[0.0, 551.8369750976562, 217.58804321289062, 613.8034057617188, 263.7191619873047, 0.9871788024902344]]
[[0.0, 552.7850341796875, 218.25054931640625, 614.2854614257812, 263.7469787597656, 0.9870092272758484]]
[[0.0, 553.6004028320312, 217.636962890625, 615.1045532226562, 263.4745635986328, 0.9869116544723511]]
[[0.0, 554.9134521484375, 217.65274047851562, 615.9356079101562, 262.90911865234375, 0.9873353838920593]]
[[0.0, 553.31494140625, 217.3441162109375, 617.7357788085938, 259.7768859863281, 0.9827113747596741]]
[[0.0, 553.2953491210938, 216.59286499023438, 618.1205444335938, 259.22926330566406, 0.9875348806381226]]
[[0.0, 553.5262451171875, 215.74627685546875, 618.7227783203125, 258.31736755371094, 0.9867830276489258]]
[[0.0, 554.0049438476562, 215.732421875, 619.0556030273438, 257.88818359375, 0.986410915851593]]
[[0.0, 554.0051879882812, 215.73220825195312, 619.0573120117188, 257.8891906738281, 0.9866743683815002]]
[[0.0, 553.6992797851562, 215.18359375, 619.2792358398438, 257.3097839355469, 0.9866505861282349]]
[[0.0, 553.8582763671875, 214.6492919921875, 619.3220825195312, 256.80242919921875, 0.9868053197860718]]
[[0.0, 554.7755126953125, 214.4374237060547, 619.6041259765625, 255.7371368408203, 0.9872819781303406]]
[[0.0, 555.1776123046875, 214.2318878173828, 619.6630859375, 255.36656188964844, 0.987239420413971]]
[[0.0, 555.1751708984375, 214.2288360595703, 619.66357421875, 255.3660430908203, 0.98732590675354]]
[[0.0, 555.6595458984375, 211.33242797851562, 622.5208129882812, 254.16049194335938, 0.98380047082901]]
[[0.0, 555.8736572265625, 211.5506134033203, 622.423828125, 253.7755584716797, 0.9876647591590881]]
[[0.0, 556.3807983398438, 211.58395385742188, 622.5990600585938, 253.7021942138672, 0.987176239490509]]
[[0.0, 556.381591796875, 210.99765014648438, 622.5385131835938, 253.34762573242188, 0.9869343042373657]]
[[0.0, 556.669677734375, 210.3565673828125, 622.1371459960938, 252.79913330078125, 0.9861415028572083]]
[[0.0, 556.840087890625, 210.1924285888672, 621.9865112304688, 252.66673278808594, 0.985721230506897]]
[[0.0, 557.2310791015625, 210.15493774414062, 621.8430786132812, 252.2994384765625, 0.984596312046051]]
[[0.0, 556.7938842773438, 208.8645782470703, 621.7080688476562, 250.93504333496094, 0.9835932850837708]]
[[0.0, 556.793212890625, 208.8634796142578, 621.7081909179688, 250.93553161621094, 0.9835931062698364]]
[[0.0, 556.9090576171875, 208.88604736328125, 621.5230102539062, 249.9652099609375, 0.9816585183143616]]
[[0.0, 560.67333984375, 204.5767822265625, 624.747802734375, 248.31173706054688, 0.9853493571281433]]
[[0.0, 560.66259765625, 204.59756469726562, 624.7278442382812, 248.3142547607422, 0.9853312969207764]]
[[0.0, 559.692138671875, 203.78382873535156, 623.9667358398438, 247.69837951660156, 0.9840686917304993]]
[[0.0, 559.443115234375, 203.1750030517578, 624.3009033203125, 246.77366638183594, 0.9844214916229248]]
[[0.0, 558.6375732421875, 202.41458129882812, 623.9884643554688, 245.9733428955078, 0.9844831824302673]]
[[0.0, 557.8939208984375, 201.65447998046875, 623.2175903320312, 245.46041870117188, 0.9873598217964172]]
[[0.0, 558.4844970703125, 201.61868286132812, 623.2726440429688, 245.02587890625, 0.9874187111854553]]
[[0.0, 558.4833984375, 201.61825561523438, 623.2733154296875, 245.0262908935547, 0.9874146580696106]]
[[0.0, 558.9339599609375, 201.00393676757812, 623.5394897460938, 244.8109588623047, 0.9878578186035156]]
[[0.0, 559.041259765625, 199.7879638671875, 623.6337280273438, 243.51853942871094, 0.9885565042495728]]
[[0.0, 559.770263671875, 194.6898956298828, 621.5185546875, 243.51051330566406, 0.9865787625312805]]
[[0.0, 559.4095458984375, 193.922119140625, 622.5370483398438, 243.0629425048828, 0.9891477823257446]]
[[0.0, 559.4073486328125, 193.9207763671875, 622.5385131835938, 243.06434631347656, 0.9891835451126099]]
[[0.0, 559.408447265625, 193.92141723632812, 622.5369873046875, 243.0634002685547, 0.9891861081123352]]
[[0.0, 559.999755859375, 193.6690673828125, 623.0281372070312, 242.6652069091797, 0.989339292049408]]
[[0.0, 560.1024169921875, 193.5211181640625, 623.4406127929688, 242.61936950683594, 0.9888629913330078]]
[[0.0, 560.2603759765625, 192.82379150390625, 623.8856201171875, 242.07679748535156, 0.9888443350791931]]
[[0.0, 560.8168334960938, 192.5624237060547, 623.6831665039062, 241.4087371826172, 0.9891771674156189]]
[[0.0, 560.9732666015625, 192.61654663085938, 622.9973754882812, 241.09478759765625, 0.9892310500144958]]
[[0.0, 560.9742431640625, 192.61447143554688, 622.9982299804688, 241.0946502685547, 0.9891921877861023]]
[[0.0, 563.8787841796875, 190.81788635253906, 627.1227416992188, 239.0382843017578, 0.984433650970459]]
[[0.0, 565.20068359375, 190.40414428710938, 629.1661987304688, 238.69187927246094, 0.9874260425567627]]
[[0.0, 566.3333740234375, 190.07077026367188, 630.1029663085938, 238.18817138671875, 0.9883313775062561]]
[[0.0, 566.7388916015625, 190.00360107421875, 631.8145141601562, 238.2815399169922, 0.9869745969772339]]
[[0.0, 568.6845092773438, 190.23663330078125, 633.5733032226562, 237.99522399902344, 0.9876394867897034]]
[[0.0, 569.733642578125, 189.29591369628906, 635.3763427734375, 237.13206481933594, 0.988309383392334]]
[[0.0, 569.7343139648438, 189.2936553955078, 635.3888549804688, 237.13182067871094, 0.9881709814071655]]
[[0.0, 569.7313232421875, 189.30722045898438, 635.3698120117188, 237.13766479492188, 0.988177478313446]]
[[0.0, 571.75146484375, 188.47598266601562, 638.3499145507812, 235.7763214111328, 0.9876816272735596]]
[[0.0, 573.4104614257812, 188.47805786132812, 641.1112670898438, 235.1576690673828, 0.9880030155181885]]
[[0.0, 573.7039794921875, 188.26083374023438, 646.1107788085938, 231.93325805664062, 0.9837226271629333]]
[[0.0, 573.870849609375, 188.12136840820312, 646.0768432617188, 231.76004028320312, 0.9879220128059387]]
[[0.0, 573.8699951171875, 188.12054443359375, 646.0777587890625, 231.76026916503906, 0.9879230856895447]]
[[0.0, 575.0836181640625, 187.9291534423828, 648.1922607421875, 231.69679260253906, 0.9877291917800903]]
[[0.0, 575.685546875, 187.3461151123047, 649.654296875, 231.5258026123047, 0.9881004095077515]]
[[0.0, 578.7025146484375, 187.5470428466797, 651.990234375, 231.0990753173828, 0.9887959957122803]]
[[0.0, 578.874267578125, 187.0784149169922, 652.4213256835938, 230.27882385253906, 0.9887226819992065]]
[[0.0, 578.8720703125, 187.07760620117188, 652.422607421875, 230.2793731689453, 0.9887217283248901]]
[[0.0, 580.143798828125, 186.32882690429688, 653.8619995117188, 229.6793975830078, 0.9889544248580933]]
[[0.0, 581.8203125, 185.69390869140625, 656.11328125, 228.97280883789062, 0.9892398118972778]]
[[0.0, 586.730712890625, 182.9373779296875, 660.1680297851562, 226.67930603027344, 0.9854646325111389]]
[[0.0, 586.3942260742188, 181.8211669921875, 660.1868286132812, 225.7716827392578, 0.9881706237792969]]
[[0.0, 586.8533935546875, 181.87477111816406, 660.6463012695312, 225.4684600830078, 0.9884918928146362]]
[[0.0, 587.281494140625, 181.25228881835938, 662.1436767578125, 225.0100860595703, 0.9891019463539124]]
[[0.0, 587.69677734375, 180.69967651367188, 662.3854370117188, 224.62559509277344, 0.9889798164367676]]
[[0.0, 588.4254150390625, 180.18246459960938, 663.47509765625, 224.05572509765625, 0.9880216121673584]]
[[0.0, 589.23193359375, 179.77120971679688, 664.0962524414062, 223.72425842285156, 0.9871135950088501]]
[[0.0, 589.4698486328125, 179.11964416503906, 664.0142211914062, 222.9052276611328, 0.9833680987358093]]
[[0.0, 589.4678344726562, 179.119140625, 664.0165405273438, 222.90574645996094, 0.9833621382713318]]
[[0.0, 588.373291015625, 178.36688232421875, 666.0074462890625, 223.76715087890625, 0.9803589582443237]]
[[0.0, 600.7579345703125, 176.44583129882812, 666.1177368164062, 220.02333068847656, 0.9841504096984863]]
[[0.0, 600.5299072265625, 175.21087646484375, 666.2954711914062, 219.2129364013672, 0.9845125675201416]]
[[0.0, 600.526611328125, 175.21253967285156, 666.2932739257812, 219.21315002441406, 0.9845172762870789]]
[[0.0, 600.9351806640625, 175.514892578125, 666.8858032226562, 218.99856567382812, 0.9837977290153503]]
[[0.0, 601.4523315429688, 175.20742797851562, 667.2453002929688, 218.88229370117188, 0.9844787120819092]]
[[0.0, 601.4517211914062, 175.20718383789062, 667.2450561523438, 218.88218688964844, 0.9844757914543152]]
[[0.0, 601.872802734375, 174.4589385986328, 666.5527954101562, 217.8946075439453, 0.9839768409729004]]
[[0.0, 603.138671875, 174.12083435058594, 668.8120727539062, 217.9020538330078, 0.9830135703086853]]
[[0.0, 604.0362548828125, 172.80841064453125, 668.8223266601562, 217.1529998779297, 0.9837641716003418]]
[[0.0, 604.49853515625, 171.80282592773438, 669.2149658203125, 217.19790649414062, 0.9820130467414856]]
[[0.0, 612.559326171875, 167.85304260253906, 669.1165771484375, 216.42103576660156, 0.9861692190170288]]
[[0.0, 613.3765258789062, 167.24041748046875, 670.9732055664062, 215.9958038330078, 0.9872884750366211]]
[[0.0, 613.5684814453125, 167.08566284179688, 671.46875, 215.86721801757812, 0.9873534440994263]]
[[0.0, 614.1993408203125, 166.29830932617188, 670.95263671875, 215.67771911621094, 0.9868321418762207]]
[[0.0, 614.1988525390625, 166.2977752685547, 670.9527587890625, 215.67713928222656, 0.9871507883071899]]
[[0.0, 614.5013427734375, 165.78289794921875, 671.739501953125, 215.57810974121094, 0.9863947629928589]]
[[0.0, 615.2982177734375, 165.93516540527344, 672.8341674804688, 214.9059295654297, 0.9880086183547974]]
[[0.0, 615.190185546875, 164.50184631347656, 672.4511108398438, 214.05918884277344, 0.987773597240448]]
[[0.0, 615.872802734375, 164.18893432617188, 673.8260498046875, 213.36363220214844, 0.9864886403083801]]
[[0.0, 616.1553955078125, 162.16754150390625, 674.4375610351562, 212.02822875976562, 0.9879639148712158]]
[[0.0, 618.645263671875, 155.73141479492188, 675.3264770507812, 207.55921936035156, 0.985693097114563]]
[[0.0, 618.6842041015625, 155.71817016601562, 675.3534545898438, 207.54364013671875, 0.9883356094360352]]
[[0.0, 619.6597290039062, 155.6639404296875, 676.5122680664062, 207.7704315185547, 0.988364577293396]]
[[0.0, 618.9876708984375, 154.03292846679688, 675.974853515625, 206.13140869140625, 0.9887834191322327]]
[[0.0, 621.2693481445312, 154.0664825439453, 676.6835327148438, 206.1060028076172, 0.9853020906448364]]
[[0.0, 620.7320556640625, 154.2000732421875, 677.4723510742188, 206.43051147460938, 0.9873310923576355]]
[[0.0, 620.73193359375, 154.20126342773438, 677.4727172851562, 206.43006896972656, 0.9877970814704895]]
[[0.0, 621.6112060546875, 154.4368896484375, 677.6769409179688, 206.8970947265625, 0.984948456287384]]
[[0.0, 623.19873046875, 153.65582275390625, 678.009521484375, 205.00274658203125, 0.9865307211875916]]
[[0.0, 621.6340942382812, 152.08778381347656, 677.8855590820312, 202.8253936767578, 0.9851862788200378]]
[[0.0, 623.4812622070312, 144.38638305664062, 678.3698120117188, 195.18167114257812, 0.9853471517562866]]
[[0.0, 623.4832763671875, 144.38543701171875, 678.3704223632812, 195.18130493164062, 0.9839931130409241]]
[[0.0, 623.4830322265625, 144.3843231201172, 678.37158203125, 195.18174743652344, 0.9839925169944763]]
[[0.0, 623.99853515625, 141.99224853515625, 678.3881225585938, 194.214111328125, 0.9706382155418396]]
[[0.0, 624.6975708007812, 142.40719604492188, 678.7824096679688, 194.53245544433594, 0.9704020023345947]]
[[0.0, 624.2293701171875, 144.4404296875, 678.4303588867188, 194.9798126220703, 0.9825818538665771]]
[[0.0, 624.2015991210938, 144.69056701660156, 678.5665893554688, 194.9190216064453, 0.9870074391365051]]
[[0.0, 624.0460205078125, 144.14125061035156, 678.670166015625, 194.26051330566406, 0.9861816167831421]]
[[0.0, 623.4617919921875, 144.10943603515625, 679.0885620117188, 194.2140655517578, 0.9868000745773315]]
[[0.0, 623.8833618164062, 144.373046875, 679.1766967773438, 194.44435119628906, 0.9873412251472473]]
[[0.0, 623.280517578125, 144.8221435546875, 682.2762451171875, 193.84182739257812, 0.9867550730705261]]
[[0.0, 623.3448486328125, 144.07855224609375, 681.7567138671875, 193.46153259277344, 0.9852144122123718]]
[[0.0, 623.7255859375, 144.74600219726562, 681.5942993164062, 192.65980529785156, 0.9860418438911438]]
[[0.0, 623.72412109375, 144.74737548828125, 681.5952758789062, 192.66326904296875, 0.9863466620445251]]
[[0.0, 623.9530029296875, 144.0751495361328, 682.0597534179688, 191.8380889892578, 0.9873587489128113]]
[[0.0, 623.885009765625, 143.70086669921875, 682.5936279296875, 191.3603057861328, 0.9877197742462158]]
[[0.0, 623.884033203125, 143.70068359375, 682.5912475585938, 191.360107421875, 0.9876341819763184]]
[[0.0, 623.306640625, 143.87271118164062, 682.7234497070312, 191.46958923339844, 0.9871172308921814]]
[[0.0, 623.85009765625, 144.10462951660156, 682.6798706054688, 191.19972229003906, 0.987676739692688]]
[[0.0, 623.68603515625, 142.82046508789062, 682.835693359375, 189.90589904785156, 0.9867130517959595]]
[[0.0, 621.6954956054688, 141.08642578125, 685.0606079101562, 187.2534637451172, 0.9854069948196411]]
[[0.0, 621.6638793945312, 141.01808166503906, 684.8102416992188, 187.2589874267578, 0.9850245714187622]]
[[0.0, 622.4202880859375, 141.61868286132812, 684.7826538085938, 186.54443359375, 0.9854793548583984]]
[[0.0, 622.3218994140625, 141.33673095703125, 684.7157592773438, 186.26583862304688, 0.9851760864257812]]
[[0.0, 622.0103759765625, 140.99563598632812, 684.2406005859375, 185.76731872558594, 0.9864360690116882]]
[[0.0, 622.662353515625, 140.21107482910156, 684.490478515625, 184.43711853027344, 0.9855403304100037]]
[[0.0, 622.4783935546875, 140.02920532226562, 684.7158813476562, 184.42779541015625, 0.9862819314002991]]
[[0.0, 622.9234008789062, 139.96292114257812, 685.3872680664062, 184.0107879638672, 0.9865018725395203]]
[[0.0, 622.67236328125, 139.521484375, 684.4564208984375, 183.03126525878906, 0.9863077998161316]]
[[0.0, 622.669189453125, 139.5203857421875, 684.4608154296875, 183.0327911376953, 0.9868849515914917]]
[[0.0, 622.3660888671875, 135.39154052734375, 687.4708251953125, 180.74034118652344, 0.9825800061225891]]
[[0.0, 622.6689453125, 135.23681640625, 685.46484375, 179.6189422607422, 0.9844051003456116]]
[[0.0, 622.9518432617188, 133.84719848632812, 686.2366333007812, 178.84178161621094, 0.9824206233024597]]
[[0.0, 623.7431640625, 133.66702270507812, 687.0317993164062, 179.25741577148438, 0.9826256036758423]]
[[0.0, 623.7352294921875, 133.66787719726562, 687.0282592773438, 179.2564697265625, 0.9826222658157349]]
[[0.0, 623.4681396484375, 131.2488555908203, 686.7113037109375, 178.32713317871094, 0.9782296419143677]]
[[0.0, 622.928466796875, 129.47764587402344, 687.5637817382812, 176.85426330566406, 0.9784452319145203]]
[[0.0, 624.1363525390625, 129.0264892578125, 687.9972534179688, 175.20436096191406, 0.9798811674118042]]
[[0.0, 624.4781494140625, 129.1670379638672, 688.6400756835938, 176.5147247314453, 0.9812788963317871]]
[[0.0, 625.8707275390625, 129.02174377441406, 688.8878784179688, 175.8575897216797, 0.9795794486999512]]
[[0.0, 632.473876953125, 124.02581787109375, 685.8274536132812, 174.33563232421875, 0.9817913770675659]]
[[0.0, 632.359375, 123.20419311523438, 686.2700805664062, 172.33049774169922, 0.9829052686691284]]
[[0.0, 631.9940185546875, 120.25996398925781, 684.1771240234375, 168.5272674560547, 0.9805335998535156]]
[[0.0, 632.96826171875, 107.15751647949219, 684.5816650390625, 157.41575622558594, 0.9590542912483215]]
[[0.0, 634.9131469726562, 98.89627075195312, 686.6616821289062, 150.36666107177734, 0.9622722268104553]]
[[0.0, 636.9523315429688, 92.66952514648438, 689.6017456054688, 142.6365737915039, 0.9420807361602783]]
[[0.0, 636.9520263671875, 92.66978454589844, 689.60302734375, 142.63758087158203, 0.9656674265861511]]
[[0.0, 638.1304321289062, 83.92091369628906, 691.1298217773438, 134.1521987915039, 0.9454519748687744]]
[[0.0, 649.1981811523438, 34.407859802246094, 704.0083618164062, 84.94590377807617, 0.8339751362800598]]
[[0.0, 655.6991577148438, 16.962066650390625, 712.1605834960938, 68.81488037109375, 0.8264657258987427]]
[[0.0, 664.8131103515625, 0.5, 723.3154907226562, 51.95118713378906, 0.976597011089325]]
[[0.0, 664.8165283203125, 0.5, 723.3145751953125, 51.96718215942383, 0.9766067862510681]]
[[0.0, 674.6604614257812, 0.5, 730.2415161132812, 46.438690185546875, 0.9730210304260254]]
[[0.0, 681.7255859375, 0.5482845306396484, 739.7747192382812, 37.705331802368164, 0.9729741811752319]]
[[0.0, 686.0972290039062, 0.6303386688232422, 743.2125854492188, 34.237966537475586, 0.9717110991477966]]
[[0.0, 692.654541015625, 0.5, 752.1110229492188, 45.287193298339844, 0.9549259543418884]]
[[0.0, 690.33544921875, 0.5, 748.581298828125, 54.37864303588867, 0.975288987159729]]
[[0.0, 692.31591796875, 18.131980895996094, 749.3497924804688, 69.64078521728516, 0.9757946729660034]]
[[0.0, 686.3701782226562, 39.22960662841797, 742.8947143554688, 89.56590270996094, 0.9554044604301453]]
[[0.0, 666.1843872070312, 45.923248291015625, 721.3395385742188, 106.60826110839844, 0.9124916791915894]]
[[0.0, 604.1265869140625, 91.66183471679688, 663.5435180664062, 139.02979278564453, 0.9767012596130371]]
[[0.0, 568.712890625, 105.71498107910156, 628.4338989257812, 152.92462921142578, 0.8764086961746216]]
[[0.0, 569.014892578125, 105.73188781738281, 628.4406127929688, 153.30709075927734, 0.9545989632606506]]
[[0.0, 520.5821533203125, 117.97845458984375, 584.6737060546875, 162.56130981445312, 0.9154168367385864]]
[[0.0, 469.29449462890625, 119.64031219482422, 534.5410461425781, 163.91748809814453, 0.8611928820610046]]
[[0.0, 343.0984191894531, 118.79788208007812, 406.8094787597656, 160.19894409179688, 0.7353623509407043]]
[[0.0, 267.2160949707031, 123.16755676269531, 328.1199645996094, 164.65223693847656, 0.6470844745635986]]
[[0.0, 267.20361328125, 123.1517333984375, 328.1576843261719, 164.65239715576172, 0.6481383442878723]]
[[0.0, 603.7122802734375, 149.7978515625, 689.9505004882812, 186.0238494873047, 0.5011945962905884]]
[[0.0, 509.0509033203125, 152.52175903320312, 605.5600891113281, 189.97593688964844, 0.6259627342224121]]
[[0.0, 1.4088001251220703, 115.34159851074219, 57.80398750305176, 159.12928771972656, 0.9623281955718994]]
[[0.0, 1.4229354858398438, 119.8232650756836, 33.915000915527344, 164.32389068603516, 0.7992103695869446]]
[[0.0, 22.171714782714844, 124.99925231933594, 79.50276184082031, 165.58182525634766, 0.5667634010314941]]
[[0.0, 2.3519210815429688, 121.80874633789062, 42.123817443847656, 161.5904769897461, 0.5700785517692566]]
[[0.0, 74.41273498535156, 103.48741149902344, 170.91758728027344, 161.6923599243164, 0.4221589267253876]]
[[0.0, 1.7691497802734375, 107.67457580566406, 35.541255950927734, 148.70571899414062, 0.41684719920158386]]
[[0.0, 1.4391212463378906, 104.71002197265625, 70.84670639038086, 147.99871063232422, 0.4112405478954315]]
[[0.0, 2.7424888610839844, 94.82424926757812, 81.68328475952148, 143.31212615966797, 0.5865727663040161]]
[[0.0, 10.6031494140625, 104.05728149414062, 79.66366577148438, 144.3673858642578, 0.48944079875946045]]
[[0.0, 2.731891632080078, 101.13432312011719, 37.907073974609375, 144.19832611083984, 0.4172120690345764]]
[]
[]
[]
[]
[]
[]
[]
[]
[]
[]
[]
[]
[]
[]
[]
[]
[]
[]
[]
[]
[]
[]
[]
[]
[]
[]
[]
[]
[]
[]
[[0.0, 5.357963562011719, 80.67576599121094, 81.49870300292969, 130.64221954345703, 0.9799802899360657]]
[[0.0, 9.240955352783203, 81.50335693359375, 87.79760360717773, 131.74686431884766, 0.9613198637962341]]
[[0.0, 19.262298583984375, 81.49417114257812, 94.35042572021484, 132.31391143798828, 0.9602290391921997]]
[[0.0, 21.93142318725586, 80.20460510253906, 96.56794357299805, 131.1173324584961, 0.9239104390144348]]
[[0.0, 22.50981903076172, 78.63681030273438, 100.11109161376953, 129.49201202392578, 0.9654328227043152]]
[[0.0, 22.718772888183594, 78.67672729492188, 100.2285385131836, 129.5032501220703, 0.9724001288414001]]
[[0.0, 26.067672729492188, 77.51747131347656, 102.68466186523438, 129.20980072021484, 0.9806542992591858]]
[[0.0, 26.430858612060547, 78.21786499023438, 102.29449081420898, 128.95401000976562, 0.9806594252586365]]
[[0.0, 21.80664825439453, 76.78530883789062, 102.74610900878906, 127.13872528076172, 0.9780676960945129]]
[[0.0, 19.97479248046875, 72.21296691894531, 99.96760559082031, 124.3204116821289, 0.9329472184181213]]
[[0.0, 45.14411163330078, 55.08503723144531, 100.93156051635742, 107.12688827514648, 0.9793373346328735]]
[[0.0, 45.46287155151367, 50.000709533691406, 100.6260871887207, 100.7657699584961, 0.9327731728553772]]
[[0.0, 44.78254318237305, 48.14484786987305, 101.28114700317383, 98.66749954223633, 0.9595174193382263]]
[[0.0, 44.936012268066406, 47.15247344970703, 100.68136978149414, 98.26894760131836, 0.9369658827781677]]
[[0.0, 43.484676361083984, 52.6834716796875, 101.20334243774414, 104.34753799438477, 0.9578418135643005]]
[[0.0, 47.17438888549805, 56.548789978027344, 104.35454177856445, 108.45246505737305, 0.9715865254402161]]
[[0.0, 47.93330383300781, 58.27198791503906, 105.62998962402344, 111.03945541381836, 0.9767290353775024]]
[[0.0, 47.869808197021484, 55.02556610107422, 106.38144302368164, 108.18921661376953, 0.9660932421684265]]
[[0.0, 48.70092010498047, 55.75448989868164, 107.66950607299805, 108.96758651733398, 0.9746522903442383]]
[[0.0, 50.104637145996094, 57.36846923828125, 109.48886489868164, 111.42154312133789, 0.9708913564682007]]
[[0.0, 58.412384033203125, 70.14181518554688, 114.21647644042969, 123.45845031738281, 0.9807261824607849]]
[[0.0, 58.43452072143555, 70.13434600830078, 114.24553298950195, 123.44831085205078, 0.9804234504699707]]
[[0.0, 60.60746765136719, 75.01052856445312, 117.08766174316406, 128.91158294677734, 0.9738202095031738]]
[[0.0, 63.742897033691406, 96.16648864746094, 119.32833480834961, 148.13712310791016, 0.9715659022331238]]
[[0.0, 64.69559478759766, 98.0205078125, 120.98860931396484, 151.98851776123047, 0.9772763848304749]]
[[0.0, 65.18251037597656, 100.07696533203125, 125.05699920654297, 154.41184997558594, 0.9759255647659302]]
[[0.0, 65.17462158203125, 100.04867553710938, 125.0689468383789, 154.4070053100586, 0.9773455858230591]]
[[0.0, 69.37572479248047, 93.69387817382812, 128.0348129272461, 147.94112396240234, 0.961180567741394]]
[[0.0, 68.75343322753906, 74.91560363769531, 126.75062561035156, 134.99077606201172, 0.964089035987854]]
[[0.0, 73.56834411621094, 65.92677307128906, 131.85304260253906, 123.32279205322266, 0.9647607207298279]]
[[0.0, 84.85057067871094, 38.831077575683594, 139.7587127685547, 88.66728210449219, 0.9787554740905762]]
[[0.0, 84.74540710449219, 38.52311706542969, 139.5665054321289, 88.50104522705078, 0.9711794257164001]]
[[0.0, 89.03446960449219, 5.400468826293945, 147.46090698242188, 58.79937171936035, 0.9566993713378906]]
[[0.0, 93.13993835449219, 0.7782297134399414, 150.70771026611328, 29.193638801574707, 0.920396089553833]]
[[0.0, 119.63835906982422, 1.0594205856323242, 175.42456817626953, 11.059420585632324, 0.8172109723091125]]
[[0.0, 3.698028564453125, 0.5, 78.79142761230469, 16.847082138061523, 0.3949947655200958]]
[[0.0, 74.81591796875, 0.6657595634460449, 150.3896255493164, 10.665759563446045, 0.37256911396980286]]
[[0.0, 184.33309936523438, 0.5, 256.669921875, 10.567184448242188, 0.3756362497806549]]
[[0.0, 69.77363586425781, 0.5989389419555664, 152.40796661376953, 13.311319351196289, 0.3321714699268341]]
[[0.0, 201.50396728515625, 0.5950727462768555, 301.1608428955078, 12.218653678894043, 0.31326067447662354]]
[]
[]
[]
[]
[]
[]
[]
[]
[]
[]
[[0.0, 100.56254577636719, 181.083251953125, 159.79312896728516, 227.5653839111328, 0.9859490990638733]]
[[0.0, 94.623291015625, 209.32925415039062, 157.94125366210938, 256.21490478515625, 0.9776043891906738]]
[[0.0, 80.17282104492188, 223.83404541015625, 158.83091735839844, 269.5009307861328, 0.8849392533302307]]
[[0.0, 74.5953369140625, 224.01742553710938, 153.70751953125, 271.1042938232422, 0.9697805047035217]]
[[0.0, 63.49325180053711, 220.26763916015625, 150.03232192993164, 270.8562469482422, 0.9679614901542664]]
[[0.0, 58.99557113647461, 220.14492797851562, 137.19903945922852, 271.29771423339844, 0.9674107432365417]]
[[0.0, 51.30638122558594, 220.24826049804688, 130.1439971923828, 273.9263153076172, 0.9717472195625305]]
[[0.0, 51.30082702636719, 220.26312255859375, 130.1453094482422, 273.92735290527344, 0.979846179485321]]
[[0.0, 45.52717590332031, 222.657470703125, 124.97071838378906, 276.7071990966797, 0.9609403014183044]]
[[0.0, 39.9541130065918, 232.13345336914062, 109.8878059387207, 278.8158416748047, 0.9621426463127136]]
[[0.0, 31.642536163330078, 239.66180419921875, 96.96700668334961, 287.2948760986328, 0.9696494340896606]]
[[0.0, 26.872121810913086, 250.6278076171875, 90.29206275939941, 295.81446838378906, 0.9082827568054199]]
[[0.0, 27.621570587158203, 250.04669189453125, 89.73067855834961, 295.70184326171875, 0.9649336338043213]]
[[0.0, 26.41265106201172, 259.77618408203125, 90.39897155761719, 304.6861877441406, 0.9378630518913269]]
[[0.0, 23.835765838623047, 265.1669921875, 88.34160995483398, 307.9945373535156, 0.9482324719429016]]
[[0.0, 15.270210266113281, 264.3211364746094, 84.00516510009766, 308.1216735839844, 0.9431548714637756]]
[[0.0, 12.029178619384766, 265.58990478515625, 88.19945907592773, 308.2602233886719, 0.9375467896461487]]
[[0.0, 1.574798583984375, 260.583984375, 75.52980041503906, 306.6153259277344, 0.9056100845336914]]
[[0.0, 0.6334800720214844, 257.5079345703125, 77.4559440612793, 305.1248474121094, 0.9565641283988953]]
[[0.0, 0.8802070617675781, 255.80221557617188, 78.31453323364258, 303.5421447753906, 0.9525747895240784]]
[[0.0, 1.2071762084960938, 261.6164245605469, 67.6009521484375, 305.4751281738281, 0.9749402403831482]]
[[0.0, 1.6034355163574219, 263.45526123046875, 69.40160751342773, 306.8653869628906, 0.9745181202888489]]
[[0.0, 2.6038551330566406, 264.16571044921875, 76.47726821899414, 309.68939208984375, 0.9692989587783813]]
[[0.0, 2.5823707580566406, 264.2164001464844, 76.47938919067383, 309.6954040527344, 0.9693301320075989]]
[[0.0, 5.982051849365234, 266.44293212890625, 82.61806106567383, 310.5404968261719, 0.9709370732307434]]
[[0.0, 14.105743408203125, 266.4622802734375, 91.58439636230469, 312.2898254394531, 0.96770179271698]]
[[0.0, 42.92557907104492, 267.031982421875, 121.47966384887695, 311.7629089355469, 0.958931028842926]]
[[0.0, 53.5307731628418, 267.61859130859375, 136.95598220825195, 312.2600402832031, 0.9741709232330322]]
[[0.0, 53.5230712890625, 267.6184997558594, 136.95944213867188, 312.2569885253906, 0.9850693345069885]]
[[0.0, 76.35758972167969, 270.77215576171875, 158.48725128173828, 316.3672180175781, 0.9824728965759277]]
[[0.0, 111.12631225585938, 282.134765625, 198.0605239868164, 327.99822998046875, 0.9758830666542053]]
[[0.0, 123.56373596191406, 285.797119140625, 222.14441680908203, 331.6597595214844, 0.9695619344711304]]
[[0.0, 144.82373046875, 286.89410400390625, 242.41754150390625, 333.98748779296875, 0.9689628481864929]]
[[0.0, 161.61920166015625, 291.9925842285156, 259.7024383544922, 339.6211242675781, 0.9620407819747925]]
[[0.0, 190.271484375, 296.9108581542969, 287.2205047607422, 345.6006164550781, 0.9473667740821838]]
[[0.0, 207.26585388183594, 300.23370361328125, 312.63990783691406, 349.947265625, 0.9691206812858582]]
[[0.0, 227.6373291015625, 303.149658203125, 332.42340087890625, 351.8629455566406, 0.9701049327850342]]
[[0.0, 250.13330078125, 304.35198974609375, 349.8867645263672, 354.04962158203125, 0.9708898663520813]]
[[0.0, 265.7134704589844, 304.630126953125, 367.0739440917969, 355.2201232910156, 0.9747467041015625]]
[[0.0, 280.3661193847656, 307.2012939453125, 376.0254821777344, 356.1142883300781, 0.97287917137146]]
[[0.0, 312.7039489746094, 315.67742919921875, 379.9839172363281, 363.3672790527344, 0.9833303093910217]]
[[0.0, 315.9700622558594, 316.4755859375, 383.5409851074219, 365.7819519042969, 0.984296977519989]]
[[0.0, 325.9637145996094, 322.00860595703125, 389.6280822753906, 369.3839111328125, 0.9828790426254272]]
[[0.0, 333.499755859375, 325.4090576171875, 397.8079528808594, 371.3853454589844, 0.9850318431854248]]
[[0.0, 333.5000305175781, 325.409423828125, 397.8079528808594, 371.3851013183594, 0.9856752753257751]]
[[0.0, 342.08587646484375, 331.6617736816406, 408.98565673828125, 380.7873229980469, 0.9839038848876953]]
[[0.0, 345.63116455078125, 332.9939880371094, 410.7096862792969, 382.0948791503906, 0.9817795157432556]]
[[0.0, 346.0177307128906, 335.62506103515625, 411.0176696777344, 383.5443115234375, 0.9841743111610413]]
[[0.0, 343.584228515625, 338.00909423828125, 409.0939025878906, 386.0564880371094, 0.9860839247703552]]
[[0.0, 343.58367919921875, 338.0091552734375, 409.0930480957031, 386.05816650390625, 0.9870525002479553]]
[[0.0, 337.8680419921875, 348.62890625, 401.3642883300781, 399.5932922363281, 0.9828497767448425]]
[[0.0, 333.3970031738281, 353.0899353027344, 398.7268371582031, 404.3858337402344, 0.985811710357666]]
[[0.0, 331.76318359375, 355.5743103027344, 396.6993103027344, 406.3576965332031, 0.9859257340431213]]
[[0.0, 331.30926513671875, 356.5705261230469, 394.5259704589844, 407.6183776855469, 0.9859809875488281]]
[[0.0, 331.307861328125, 356.57080078125, 394.5265808105469, 407.6197204589844, 0.9861778020858765]]
[[0.0, 329.9930419921875, 357.9794616699219, 394.489990234375, 410.2696838378906, 0.9844890832901001]]
[[0.0, 331.77703857421875, 360.77001953125, 394.5456237792969, 411.1029357910156, 0.9848511815071106]]
[[0.0, 331.7154235839844, 360.5700988769531, 395.2162780761719, 409.7469787597656, 0.985371470451355]]
[[0.0, 333.619140625, 365.57574462890625, 397.9604187011719, 412.9933166503906, 0.9857446551322937]]
[[0.0, 333.61798095703125, 365.57550048828125, 397.9609069824219, 412.9925231933594, 0.9861730933189392]]
[[0.0, 337.45947265625, 368.2881774902344, 402.3486633300781, 417.4386291503906, 0.9832054972648621]]
[[0.0, 339.01641845703125, 371.2281799316406, 403.4529113769531, 419.4524841308594, 0.9865179657936096]]
[[0.0, 341.1005859375, 373.4293212890625, 405.96533203125, 422.1108093261719, 0.9861990213394165]]
[[0.0, 346.94281005859375, 381.5028076171875, 409.82171630859375, 429.11676025390625, 0.9820860624313354]]
[[0.0, 346.9445495605469, 381.50335693359375, 409.8215637207031, 429.1166687011719, 0.9853107929229736]]
[[0.0, 353.4722900390625, 383.3769226074219, 414.4124755859375, 429.7085266113281, 0.9839857220649719]]
[[0.0, 356.13067626953125, 385.7904052734375, 415.349365234375, 430.4613342285156, 0.983271062374115]]
[[0.0, 357.4918212890625, 386.9696044921875, 417.13067626953125, 430.2862854003906, 0.9791883826255798]]
[[0.0, 360.70147705078125, 387.9688720703125, 420.42852783203125, 431.5100402832031, 0.9768774509429932]]
[[0.0, 363.33355712890625, 390.171630859375, 422.22625732421875, 433.3380432128906, 0.9569482207298279]]
[[0.0, 362.5216369628906, 392.08331298828125, 428.4588928222656, 435.53076171875, 0.979250431060791]]
[[0.0, 365.4060363769531, 395.3829345703125, 429.1119079589844, 439.5565490722656, 0.9736505746841431]]
[[0.0, 366.01123046875, 400.904052734375, 433.57879638671875, 448.9804382324219, 0.9794651865959167]]
[[0.0, 368.03826904296875, 402.33099365234375, 435.94696044921875, 450.86895751953125, 0.98099285364151]]
[[0.0, 370.38916015625, 404.6883239746094, 438.7924499511719, 451.9101867675781, 0.9865097403526306]]
[[0.0, 370.38983154296875, 404.6889953613281, 438.7929382324219, 451.9107360839844, 0.9858981370925903]]
[[0.0, 371.97235107421875, 406.86505126953125, 440.6455383300781, 451.8683776855469, 0.9849650859832764]]
[[0.0, 373.15679931640625, 406.846923828125, 443.4888610839844, 451.6254577636719, 0.9844005703926086]]
[[0.0, 376.53790283203125, 416.06036376953125, 444.2549133300781, 460.2098388671875, 0.967575192451477]]
[[0.0, 378.30059814453125, 419.9847412109375, 447.7564392089844, 467.7044372558594, 0.9607582688331604]]
[[0.0, 380.35028076171875, 427.8139343261719, 453.1142578125, 476.5730285644531, 0.9750192165374756]]
[[0.0, 380.00433349609375, 431.77850341796875, 453.2428894042969, 481.3489074707031, 0.9828368425369263]]
[[0.0, 381.2742919921875, 438.13360595703125, 451.6818542480469, 484.8410949707031, 0.9823575019836426]]
[[0.0, 382.24560546875, 443.1369323730469, 455.1488342285156, 489.0452575683594, 0.9746588468551636]]
[[0.0, 383.18878173828125, 446.91162109375, 457.6815185546875, 492.0570373535156, 0.9388765096664429]]
[[0.0, 383.1973876953125, 446.9127502441406, 457.6865539550781, 492.0565490722656, 0.9389291405677795]]
[[0.0, 377.2349548339844, 449.611328125, 455.1159362792969, 493.1716003417969, 0.9177690148353577]]
[[0.0, 391.51947021484375, 451.69366455078125, 468.8515930175781, 494.3705749511719, 0.9626387357711792]]
[[0.0, 391.9136657714844, 455.94415283203125, 462.0157165527344, 496.4356689453125, 0.9343210458755493]]
[[0.0, 388.6008605957031, 462.340087890625, 455.2894592285156, 500.3774108886719, 0.8283345103263855]]
[[0.0, 390.89190673828125, 465.10675048828125, 456.1103210449219, 509.1125183105469, 0.9671095609664917]]
[[0.0, 390.1325378417969, 466.4520263671875, 454.9524841308594, 510.5607604980469, 0.9659163951873779]]
[[0.0, 389.77716064453125, 468.4249267578125, 456.3476257324219, 514.2716979980469, 0.9710075259208679]]
[[0.0, 388.92205810546875, 468.55157470703125, 455.4232482910156, 514.9737548828125, 0.9660668969154358]]
[[0.0, 387.6448974609375, 467.0111083984375, 453.8362121582031, 512.5917358398438, 0.9756469130516052]]
[[0.0, 386.3089599609375, 466.75140380859375, 453.5130920410156, 512.8493957519531, 0.9795982241630554]]
[[0.0, 386.30926513671875, 466.751953125, 453.5122375488281, 512.8487854003906, 0.979596734046936]]
[[0.0, 383.28857421875, 466.12939453125, 447.7765197753906, 513.2449035644531, 0.9666528701782227]]
[[0.0, 380.338134765625, 466.19891357421875, 445.6244812011719, 513.2937622070312, 0.9734912514686584]]
[[0.0, 381.65362548828125, 465.1050720214844, 446.4639587402344, 512.0940246582031, 0.9703731536865234]]
[[0.0, 380.8624572753906, 465.5867919921875, 444.9134826660156, 509.4687805175781, 0.9753804206848145]]
[[0.0, 380.70391845703125, 465.6462707519531, 444.72650146484375, 509.2626037597656, 0.97639000415802]]
[[0.0, 378.3984375, 465.0312194824219, 443.4525451660156, 507.1253967285156, 0.973627507686615]]
[[0.0, 377.76702880859375, 466.12249755859375, 440.6690979003906, 507.41094970703125, 0.9735856652259827]]
[[0.0, 375.30322265625, 466.1436767578125, 438.7630920410156, 508.5475158691406, 0.9574166536331177]]
[[0.0, 374.252197265625, 464.7285461425781, 436.2848815917969, 505.4857482910156, 0.9514899849891663]]
[[0.0, 374.2518615722656, 464.73284912109375, 436.2836608886719, 505.4978942871094, 0.951484203338623]]
[[0.0, 373.364990234375, 460.4171142578125, 435.4912414550781, 501.2632141113281, 0.9557079672813416]]
[[0.0, 373.69427490234375, 455.2965087890625, 436.76873779296875, 497.2120666503906, 0.9750383496284485]]
[[0.0, 370.4658203125, 452.9560241699219, 435.0716247558594, 495.9566345214844, 0.977363109588623]]
[[0.0, 367.20391845703125, 442.4913330078125, 438.49383544921875, 489.4814758300781, 0.9787321090698242]]
[[0.0, 367.03448486328125, 431.3795166015625, 439.868408203125, 483.9373779296875, 0.9696234464645386]]
[[0.0, 366.49908447265625, 422.4416198730469, 437.4412536621094, 472.6434020996094, 0.9690176844596863]]
[[0.0, 368.3726806640625, 412.427734375, 438.3160705566406, 461.325927734375, 0.9774324893951416]]
[[0.0, 367.92437744140625, 395.4554443359375, 438.30987548828125, 446.6453857421875, 0.9725313186645508]]
[[0.0, 368.25775146484375, 382.75146484375, 436.8887023925781, 431.87689208984375, 0.9692967534065247]]
[[0.0, 368.9107666015625, 373.63995361328125, 438.6856994628906, 423.3207702636719, 0.9797822833061218]]
[[0.0, 368.910400390625, 373.6389465332031, 438.6848449707031, 423.3205261230469, 0.9804728627204895]]
[[0.0, 369.1292724609375, 365.6112365722656, 437.41448974609375, 415.0575256347656, 0.9857813715934753]]
[[0.0, 367.94940185546875, 365.0980224609375, 438.5437316894531, 415.8936767578125, 0.9869645833969116]]
[[0.0, 367.4313049316406, 393.6067810058594, 434.8660583496094, 440.2441711425781, 0.9750383496284485]]
[[0.0, 366.3851318359375, 400.9346923828125, 438.0534973144531, 450.4924621582031, 0.9576137065887451]]
[[0.0, 366.4670104980469, 418.8616027832031, 435.8506164550781, 464.5069274902344, 0.955704927444458]]
[[0.0, 365.05548095703125, 428.81768798828125, 433.7483825683594, 475.6517028808594, 0.9458085894584656]]
[[0.0, 363.32891845703125, 448.0670166015625, 433.1982727050781, 494.1850280761719, 0.9691279530525208]]
[[0.0, 362.9841003417969, 459.02734375, 433.3377990722656, 508.9685974121094, 0.9485658407211304]]
[[0.0, 361.8866271972656, 478.620361328125, 431.4358825683594, 524.9308471679688, 0.9643054604530334]]
[[0.0, 360.7981262207031, 488.2357177734375, 429.5599670410156, 535.1664733886719, 0.9526132941246033]]
[[0.0, 360.3851623535156, 504.6966552734375, 429.9510803222656, 549.6787414550781, 0.9593879580497742]]
[[0.0, 358.37359619140625, 515.5606689453125, 427.7198486328125, 564.5261840820312, 0.9616081714630127]]
[[0.0, 358.1462707519531, 539.9209594726562, 422.7825012207031, 588.2719116210938, 0.9811654090881348]]
[[0.0, 356.112548828125, 552.9777221679688, 421.8567810058594, 601.5376586914062, 0.9617610573768616]]
[[0.0, 353.45770263671875, 570.8878784179688, 419.2842712402344, 620.8482055664062, 0.966065526008606]]
[[0.0, 353.45587158203125, 570.887939453125, 419.2866516113281, 620.8522338867188, 0.9727977514266968]]
[[0.0, 349.2939758300781, 580.0889892578125, 416.5392150878906, 629.1649780273438, 0.9655278325080872]]
[[0.0, 341.13836669921875, 599.0443115234375, 408.9303283691406, 646.83203125, 0.9825679659843445]]
[[0.0, 341.028564453125, 603.532470703125, 408.6831359863281, 652.8445434570312, 0.982417106628418]]
[[0.0, 339.1351013183594, 612.0137329101562, 405.9570007324219, 659.0504760742188, 0.9807197451591492]]
[[0.0, 339.1474609375, 612.009765625, 405.9652404785156, 659.0343017578125, 0.9822109341621399]]
[[0.0, 339.29473876953125, 619.6686401367188, 403.5625, 666.7634887695312, 0.9784435033798218]]
[[0.0, 340.5605163574219, 629.365966796875, 401.8941345214844, 674.1101684570312, 0.9806095957756042]]
[[0.0, 339.50164794921875, 635.2445678710938, 401.30029296875, 679.3901977539062, 0.9804003238677979]]
[[0.0, 338.6830139160156, 641.9755249023438, 401.0055847167969, 682.1603393554688, 0.9744918346405029]]
[[0.0, 338.68267822265625, 641.9744873046875, 401.00640869140625, 682.1604614257812, 0.9744914174079895]]
[[0.0, 339.87164306640625, 644.203125, 401.2670593261719, 682.0881958007812, 0.9768914580345154]]
[[0.0, 340.7851867675781, 649.0521850585938, 399.8159484863281, 682.1231079101562, 0.9782475829124451]]
[[0.0, 337.99169921875, 662.320068359375, 400.3607482910156, 682.4841918945312, 0.9735348224639893]]
[[0.0, 338.26287841796875, 672.5, 413.0052185058594, 682.5, 0.895922064781189]]
[[0.0, 338.25848388671875, 672.5, 413.0103454589844, 682.5, 0.9072437286376953]]
[[0.0, 335.97198486328125, 672.5, 420.3045349121094, 682.5, 0.7286749482154846]]
[]
[]
[]
[]
[]
[]
[]
[]
[]
[]
[]
[]
[]
[]
[]
[]
[]
[]
[]
[]
[]
[]
[]
[]
[]
[]
[]
[]
[]
[]
[[0.0, 215.34280395507812, 264.02972412109375, 264.9071044921875, 289.55389404296875, 0.8463823199272156]]
[[0.0, 202.80670166015625, 193.62364196777344, 253.55055236816406, 226.9803924560547, 0.6657807230949402]]
[[0.0, 205.57504272460938, 125.26478576660156, 254.23480224609375, 153.69142150878906, 0.8174933195114136]]
[[0.0, 191.7882080078125, 36.7169075012207, 242.2491455078125, 61.33156204223633, 0.7645218968391418]]
[[0.0, 193.973876953125, 1.4378700256347656, 236.13597106933594, 11.437870025634766, 0.8465871810913086]]
[[0.0, 193.98126220703125, 1.436208724975586, 236.15333557128906, 11.436208724975586, 0.8469828367233276]]
[[0.0, 482.33428955078125, 0.5, 561.9073791503906, 11.312899589538574, 0.4048420786857605]]
[[0.0, 461.4671630859375, 24.444515228271484, 529.078125, 56.08889961242676, 0.3261120021343231]]
[[0.0, 173.661376953125, 1.1620826721191406, 234.2698211669922, 22.659854888916016, 0.34258952736854553]]
[[0.0, 176.77127075195312, 1.9708857536315918, 230.02804565429688, 14.951789379119873, 0.3868705928325653]]
[[0.0, 175.29840087890625, 31.667694091796875, 226.1338653564453, 75.30818176269531, 0.9827372431755066]]
[[0.0, 172.49258422851562, 49.83331298828125, 223.83724975585938, 96.27822494506836, 0.9704616069793701]]
[[0.0, 170.3228759765625, 62.64323425292969, 222.70709228515625, 112.392578125, 0.9450323581695557]]
[[0.0, 166.78213500976562, 72.20941925048828, 222.44239807128906, 125.7564926147461, 0.9464870691299438]]
[[0.0, 163.19271850585938, 70.90787506103516, 219.8772735595703, 123.84761810302734, 0.9751087427139282]]
[[0.0, 163.19351196289062, 70.90919494628906, 219.87603759765625, 123.84801483154297, 0.978869616985321]]
[[0.0, 161.57894897460938, 86.28147888183594, 220.81959533691406, 142.60955047607422, 0.9553225636482239]]
[[0.0, 161.01443481445312, 120.85759735107422, 222.9309539794922, 174.13282012939453, 0.9676501750946045]]
[[0.0, 160.64869689941406, 177.57510375976562, 219.33119201660156, 222.2960662841797, 0.975373387336731]]
[[0.0, 159.72650146484375, 229.48489379882812, 218.7993621826172, 276.39414978027344, 0.9746490120887756]]
[[0.0, 164.86306762695312, 275.4809875488281, 212.87489318847656, 313.6398010253906, 0.9791029095649719]]
[[0.0, 164.86874389648438, 275.46343994140625, 212.89073181152344, 313.6367492675781, 0.9791697263717651]]
[[0.0, 164.04074096679688, 302.27740478515625, 212.1393585205078, 340.9983825683594, 0.9770032167434692]]
[[0.0, 161.44583129882812, 305.12982177734375, 213.55938720703125, 346.4221496582031, 0.9485346674919128]]
[[0.0, 162.5218505859375, 295.1917724609375, 212.2689666748047, 334.6219482421875, 0.9629595279693604]]
[[0.0, 162.53536987304688, 266.6336364746094, 210.19483947753906, 307.3944396972656, 0.9605641961097717]]
[[0.0, 161.401611328125, 227.19985961914062, 210.39483642578125, 267.482177734375, 0.9479780793190002]]
[[0.0, 161.40533447265625, 227.20559692382812, 210.39219665527344, 267.48170471191406, 0.9480430483818054]]
[[0.0, 160.37692260742188, 188.32620239257812, 208.7023468017578, 229.0183563232422, 0.9268699884414673]]
[[0.0, 157.83270263671875, 160.22506713867188, 207.10743713378906, 201.19064331054688, 0.9778728485107422]]
[[0.0, 153.50759887695312, 145.01312255859375, 204.39962768554688, 182.31961059570312, 0.9840940833091736]]
[[0.0, 150.1143798828125, 149.46145629882812, 200.91761779785156, 185.20352172851562, 0.9810521602630615]]
[[0.0, 148.77182006835938, 177.66571044921875, 199.5095977783203, 215.09677124023438, 0.9552969932556152]]
[[0.0, 148.688232421875, 218.37875366210938, 197.64828491210938, 257.1620178222656, 0.8702911138534546]]
[[0.0, 147.72427368164062, 264.6842346191406, 196.019775390625, 301.2173767089844, 0.972923219203949]]
[[0.0, 147.87879943847656, 302.5216369628906, 196.22291564941406, 339.1173400878906, 0.9749836325645447]]
[[0.0, 149.0936279296875, 321.2214660644531, 195.95790100097656, 355.7736511230469, 0.9796803593635559]]
[[0.0, 149.80967712402344, 329.2872314453125, 196.59156799316406, 363.3742370605469, 0.9861785173416138]]
[[0.0, 149.81060791015625, 329.28790283203125, 196.58799743652344, 363.3699645996094, 0.9861679673194885]]
[[0.0, 150.60781860351562, 328.379638671875, 198.0325164794922, 361.6830749511719, 0.979599118232727]]
[[0.0, 156.00201416015625, 336.30462646484375, 202.66355895996094, 368.0098876953125, 0.9842022657394409]]
[[0.0, 154.64859008789062, 342.8447570800781, 197.7592315673828, 372.3548889160156, 0.7881903052330017]]
[[0.0, 158.24444580078125, 362.29376220703125, 202.6276397705078, 393.5714416503906, 0.9700085520744324]]
[[0.0, 158.24513244628906, 362.2941589355469, 202.62718200683594, 393.5724792480469, 0.979941725730896]]
[[0.0, 158.41514587402344, 359.938232421875, 203.67344665527344, 391.4610900878906, 0.9357181191444397]]
[[0.0, 161.09051513671875, 273.78509521484375, 211.4180145263672, 316.8205261230469, 0.7502036690711975]]
[[0.0, 163.280517578125, 241.19430541992188, 208.08309936523438, 277.00013732910156, 0.8007208108901978]]
[[0.0, 165.47991943359375, 222.01113891601562, 213.17018127441406, 256.8776397705078, 0.9389145374298096]]
[[0.0, 165.4796142578125, 222.00787353515625, 213.1724090576172, 256.8767395019531, 0.9751064777374268]]
[[0.0, 170.48593139648438, 221.73858642578125, 217.57664489746094, 254.19485473632812, 0.9795247912406921]]
[[0.0, 172.66957092285156, 207.80459594726562, 218.9358367919922, 243.25845336914062, 0.9862513542175293]]
[[0.0, 173.84756469726562, 208.92648315429688, 221.5659942626953, 244.61148071289062, 0.9849538803100586]]
[[0.0, 176.27207946777344, 213.17515563964844, 222.76219177246094, 248.49195861816406, 0.9826745390892029]]
[[0.0, 178.42945861816406, 228.24407958984375, 222.7693328857422, 261.5499725341797, 0.9734395146369934]]
[[0.0, 178.43153381347656, 228.2440185546875, 222.7699737548828, 261.5498504638672, 0.9734361171722412]]
[[0.0, 179.42007446289062, 244.7952880859375, 224.3004608154297, 282.0936279296875, 0.9471946954727173]]
[[0.0, 184.1834716796875, 272.25146484375, 226.8859405517578, 308.5849914550781, 0.9692456722259521]]
[[0.0, 185.66796875, 296.98681640625, 228.01817321777344, 334.4030456542969, 0.9532493948936462]]
[[0.0, 187.59104919433594, 320.927001953125, 232.47975158691406, 357.2085266113281, 0.9679880738258362]]
[[0.0, 190.54827880859375, 328.5211181640625, 234.2351531982422, 361.1986389160156, 0.9854564070701599]]
[[0.0, 189.9551239013672, 313.73870849609375, 239.92356872558594, 344.5184020996094, 0.9793973565101624]]
[[0.0, 191.63536071777344, 293.7744140625, 244.59690856933594, 324.4268493652344, 0.9576358199119568]]
[[0.0, 192.50460815429688, 289.8529052734375, 242.4713592529297, 319.1438293457031, 0.9732924103736877]]
[[0.0, 191.28744506835938, 295.19354248046875, 241.12600708007812, 324.3536071777344, 0.9653164744377136]]
[[0.0, 190.8775177001953, 312.61248779296875, 240.28077697753906, 340.2066955566406, 0.9431626200675964]]
[[0.0, 190.8768310546875, 312.6111755371094, 240.2868194580078, 340.2077941894531, 0.9432154297828674]]
[[0.0, 191.3270263671875, 322.54205322265625, 240.1355438232422, 353.3482971191406, 0.926624059677124]]
[[0.0, 191.05726623535156, 340.70050048828125, 239.3364715576172, 371.03912353515625, 0.9569337964057922]]
[[0.0, 191.08935546875, 368.3929443359375, 238.53932189941406, 396.34527587890625, 0.9773683547973633]]
[[0.0, 191.57220458984375, 378.6739196777344, 239.1236114501953, 406.0059509277344, 0.9551374316215515]]
[[0.0, 190.79849243164062, 389.4130859375, 235.6291961669922, 421.0533142089844, 0.9830477833747864]]
[[0.0, 189.35655212402344, 408.9358215332031, 236.0988006591797, 440.8625183105469, 0.9832309484481812]]
[[0.0, 188.728271484375, 418.0761413574219, 233.42652893066406, 449.8438415527344, 0.9823694825172424]]
[[0.0, 187.36012268066406, 429.7098388671875, 230.9635772705078, 462.23358154296875, 0.9819745421409607]]
[[0.0, 186.70484924316406, 441.8045654296875, 231.0515899658203, 474.31072998046875, 0.9854162335395813]]
[[0.0, 183.49037170410156, 451.22021484375, 228.88002014160156, 484.9883117675781, 0.9826443791389465]]
[[0.0, 181.1615753173828, 461.1623229980469, 227.0543670654297, 494.2491149902344, 0.9827186465263367]]
[[0.0, 179.67138671875, 470.80584716796875, 225.71795654296875, 502.7397155761719, 0.9781412482261658]]
[[0.0, 176.62667846679688, 492.28070068359375, 223.89569091796875, 523.4715576171875, 0.9768980741500854]]
[[0.0, 176.6380157470703, 492.29766845703125, 223.9041290283203, 523.4756164550781, 0.9768854379653931]]
[[0.0, 175.09962463378906, 521.0118408203125, 216.53550720214844, 551.45947265625, 0.9860168099403381]]
[[0.0, 170.46176147460938, 544.1640625, 214.25498962402344, 576.4754028320312, 0.9754888415336609]]
[[0.0, 169.1363525390625, 548.735595703125, 212.4396209716797, 579.9923095703125, 0.9851101636886597]]
[[0.0, 166.05618286132812, 558.8079223632812, 211.64125061035156, 594.0819702148438, 0.9749534726142883]]
[[0.0, 166.86099243164062, 570.4356689453125, 211.06613159179688, 604.4092407226562, 0.9756780862808228]]
[[0.0, 165.43475341796875, 576.5849609375, 208.6149444580078, 610.34130859375, 0.9767327904701233]]
[[0.0, 162.4752197265625, 582.2571411132812, 205.8772430419922, 618.2940063476562, 0.9559281468391418]]
[[0.0, 161.98980712890625, 591.385498046875, 204.41543579101562, 624.0834350585938, 0.9220750331878662]]
[[0.0, 158.05490112304688, 605.345703125, 201.4661865234375, 638.7012329101562, 0.9500485062599182]]
[[0.0, 155.882080078125, 608.6409301757812, 197.165771484375, 638.3106079101562, 0.9555455446243286]]
[[0.0, 154.16748046875, 552.8829345703125, 193.04251098632812, 583.1660766601562, 0.9216416478157043]]
[[0.0, 141.5305938720703, 504.2541198730469, 183.2774200439453, 540.8489074707031, 0.5375106334686279]]
[[0.0, 141.91619873046875, 444.0448913574219, 180.6156768798828, 481.2211608886719, 0.5016739368438721]]
[[0.0, 143.302490234375, 383.90911865234375, 179.51348876953125, 417.54119873046875, 0.5255587100982666]]
[[0.0, 143.3571319580078, 383.9615478515625, 179.5579071044922, 417.53533935546875, 0.526491105556488]]
[[0.0, 143.42529296875, 305.27490234375, 182.3459930419922, 336.5905456542969, 0.6288669109344482]]
[[0.0, 149.81112670898438, 296.4708251953125, 186.31187438964844, 328.7188720703125, 0.7518116235733032]]
[[0.0, 150.41360473632812, 267.1253662109375, 187.25608825683594, 297.5456848144531, 0.7170482277870178]]
[[0.0, 150.99639892578125, 237.7125701904297, 184.7531280517578, 277.8299102783203, 0.5631310343742371]]
[[0.0, 150.9605712890625, 237.677734375, 184.74884033203125, 277.810302734375, 0.5634139776229858]]
[[0.0, 147.72174072265625, 181.1801300048828, 182.76039123535156, 217.01182556152344, 0.9578863382339478]]
[[0.0, 148.4667205810547, 138.02232360839844, 182.96742248535156, 176.35984802246094, 0.895453155040741]]
[[0.0, 151.70526123046875, 59.71092987060547, 185.2582244873047, 96.5167121887207, 0.8926221132278442]]
[[0.0, 152.57333374023438, 36.760658264160156, 187.13990783691406, 72.06730651855469, 0.8858804106712341]]
[[0.0, 152.59530639648438, 36.78748321533203, 187.1366424560547, 72.07712936401367, 0.8862881064414978]]
[[0.0, 154.44662475585938, 35.082191467285156, 187.50144958496094, 67.22404479980469, 0.92657470703125]]
[[0.0, 152.89389038085938, 29.045738220214844, 188.47955322265625, 59.066505432128906, 0.7972446084022522]]
[[0.0, 151.47003173828125, 27.254432678222656, 187.5231170654297, 58.93614196777344, 0.7521048784255981]]
[[0.0, 153.40670776367188, 26.27953338623047, 187.31275939941406, 64.46063995361328, 0.8101767897605896]]
[[0.0, 154.46456909179688, 22.064449310302734, 190.0067138671875, 62.87276077270508, 0.8636719584465027]]
[[0.0, 153.61581420898438, 41.24468231201172, 189.13279724121094, 68.16117858886719, 0.9912086725234985]]
[[0.0, 153.3446044921875, 40.86277770996094, 189.36514282226562, 67.81096267700195, 0.9909088015556335]]
[[0.0, 153.05865478515625, 40.938621520996094, 189.06617736816406, 67.462646484375, 0.9902418255805969]]
[[0.0, 152.3822021484375, 41.009681701660156, 189.1707000732422, 67.45621871948242, 0.989754855632782]]
[[0.0, 151.74221801757812, 38.831172943115234, 188.83966064453125, 63.836795806884766, 0.989245593547821]]
[[0.0, 150.98300170898438, 36.3668212890625, 188.7870330810547, 61.94122314453125, 0.9871026873588562]]
[[0.0, 149.6526336669922, 34.57543182373047, 187.0469512939453, 60.15673065185547, 0.9869624972343445]]
[[0.0, 148.2430419921875, 32.2917594909668, 184.90655517578125, 57.79926109313965, 0.9867804646492004]]
[[0.0, 146.78173828125, 32.821502685546875, 182.8440399169922, 58.54554748535156, 0.9874710440635681]]
[[0.0, 145.18064880371094, 29.336833953857422, 182.3105010986328, 55.50813674926758, 0.9829166531562805]]
[[0.0, 146.15069580078125, 20.59183120727539, 180.76463317871094, 47.51082229614258, 0.9893351197242737]]
[[0.0, 146.5669708251953, 13.263147354125977, 181.58409118652344, 40.966238021850586, 0.990374743938446]]
[[0.0, 142.13546752929688, 0.8105449676513672, 179.74148559570312, 14.023299217224121, 0.9856245517730713]]
[[0.0, 141.42123413085938, 0.8906660079956055, 175.5812225341797, 10.890666007995605, 0.9842847585678101]]
[[0.0, 136.28607177734375, 1.1023244857788086, 171.5952911376953, 11.102324485778809, 0.9291794300079346]]
[[0.0, 136.28152465820312, 1.1023054122924805, 171.58145141601562, 11.10230541229248, 0.9734649062156677]]
[[0.0, 138.14089965820312, 0.8433785438537598, 173.44000244140625, 10.84337854385376, 0.9809979796409607]]
[[0.0, 139.24566650390625, 0.8175616264343262, 175.0957794189453, 12.817739009857178, 0.9708875417709351]]
[[0.0, 135.67324829101562, 6.340664863586426, 173.3568115234375, 37.339118003845215, 0.9047367572784424]]
[[0.0, 134.14364624023438, 31.82960319519043, 172.21107482910156, 61.70530891418457, 0.9437556266784668]]
[[0.0, 133.67111206054688, 58.98394775390625, 164.85400390625, 78.61530685424805, 0.9827713370323181]]
[[0.0, 132.766357421875, 82.27761840820312, 164.6807403564453, 102.7921142578125, 0.9817379117012024]]
[[0.0, 131.35568237304688, 95.51846313476562, 162.74851989746094, 115.37910461425781, 0.9536716341972351]]
[[0.0, 125.38531494140625, 107.2142562866211, 161.83941650390625, 128.44344329833984, 0.9181439280509949]]
[[0.0, 114.74147033691406, 103.78927612304688, 156.73657989501953, 126.47051239013672, 0.8682032823562622]]
[[0.0, 114.72282409667969, 103.75926971435547, 156.71660614013672, 126.48735809326172, 0.868695080280304]]
[[0.0, 111.88389587402344, 106.5115966796875, 147.7558822631836, 126.98233032226562, 0.951473593711853]]
[[0.0, 104.54389953613281, 121.20845794677734, 142.36822509765625, 140.51627349853516, 0.9042232036590576]]
[[0.0, 101.41206359863281, 135.47491455078125, 134.7084503173828, 155.0449676513672, 0.9723058938980103]]
[[0.0, 94.94888305664062, 161.85008239746094, 131.23681640625, 184.44606018066406, 0.8763532042503357]]
[[0.0, 87.45608520507812, 158.146484375, 124.37651824951172, 181.9775848388672, 0.9904256463050842]]
[[0.0, 83.78497314453125, 162.62628173828125, 121.12831115722656, 187.56048583984375, 0.9856093525886536]]
[[0.0, 78.94619750976562, 162.54510498046875, 117.25659942626953, 187.96780395507812, 0.9724920988082886]]
[[0.0, 72.89769744873047, 161.95135498046875, 108.5302963256836, 185.3460693359375, 0.9674662947654724]]
[[0.0, 67.99108123779297, 159.0806884765625, 102.64922332763672, 182.2661590576172, 0.9722704887390137]]
[[0.0, 63.286766052246094, 159.0895233154297, 98.61153030395508, 182.78871154785156, 0.973300576210022]]
[[0.0, 63.28374481201172, 159.09300231933594, 98.6115837097168, 182.7928924560547, 0.9733145833015442]]
[[0.0, 48.32435607910156, 169.77566528320312, 89.34748458862305, 195.8431854248047, 0.9543699026107788]]
[[0.0, 48.66441345214844, 175.16995239257812, 87.21015930175781, 200.88265991210938, 0.9623861312866211]]
[[0.0, 45.90534973144531, 178.66038513183594, 83.26664733886719, 204.39442443847656, 0.9699001312255859]]
[[0.0, 46.372406005859375, 175.1588592529297, 80.89583969116211, 201.87562561035156, 0.9879729747772217]]
[[0.0, 46.383872985839844, 175.16192626953125, 80.90048217773438, 201.87722778320312, 0.9879785776138306]]
[[0.0, 41.93012237548828, 179.37277221679688, 76.24733352661133, 206.4147186279297, 0.9815967679023743]]
[[0.0, 36.409584045410156, 183.7582244873047, 73.22435760498047, 212.1838836669922, 0.9616933465003967]]
[[0.0, 32.00995635986328, 188.8739013671875, 68.50259017944336, 216.76873779296875, 0.9693537354469299]]
[[0.0, 29.914932250976562, 190.3160400390625, 66.3781509399414, 217.3565216064453, 0.9685887098312378]]
[[0.0, 29.918685913085938, 190.31149291992188, 66.37918090820312, 217.36170959472656, 0.968662679195404]]
[[0.0, 26.544965744018555, 189.7659149169922, 62.96983528137207, 216.7349395751953, 0.9602494835853577]]
[[0.0, 23.88167953491211, 185.12643432617188, 58.862979888916016, 213.2506866455078, 0.9375651478767395]]
[[0.0, 22.005573272705078, 183.27423095703125, 56.32040023803711, 211.5628662109375, 0.9414734840393066]]
[[0.0, 18.087902069091797, 184.70297241210938, 52.95344924926758, 209.9851837158203, 0.9730352759361267]]
[[0.0, 18.08971405029297, 184.70037841796875, 52.957801818847656, 209.98240661621094, 0.9730144739151001]]
[[0.0, 17.122180938720703, 181.0686492919922, 51.91071701049805, 207.00291442871094, 0.97267746925354]]
[[0.0, 15.020517349243164, 175.02188110351562, 49.37011909484863, 200.9599151611328, 0.9567676782608032]]
[[0.0, 8.165534973144531, 158.12960815429688, 46.68952941894531, 185.8567352294922, 0.9663880467414856]]
[[0.0, 7.210063934326172, 151.83895874023438, 44.958160400390625, 179.32850646972656, 0.9711992144584656]]
[[0.0, 7.243871688842773, 151.82870483398438, 44.964616775512695, 179.30987548828125, 0.9711913466453552]]
[[0.0, 3.020702362060547, 139.88742065429688, 42.192752838134766, 168.8953399658203, 0.9559623599052429]]
[[0.0, 3.0241317749023438, 133.78494262695312, 41.18146514892578, 161.48719787597656, 0.9713380932807922]]
[[0.0, 2.6069984436035156, 131.5484619140625, 41.085853576660156, 159.75856018066406, 0.9727587103843689]]
[[0.0, 1.409170150756836, 130.92459106445312, 38.77438545227051, 159.92233276367188, 0.9852787256240845]]
[[0.0, 1.4234371185302734, 129.82333374023438, 36.56766700744629, 159.22242736816406, 0.9857103228569031]]
[[0.0, 1.4183731079101562, 131.24871826171875, 35.93381881713867, 161.21424865722656, 0.9847262501716614]]
[[0.0, 1.5265731811523438, 133.62171936035156, 35.79289245605469, 164.0055389404297, 0.9815846681594849]]
[[0.0, 1.1136550903320312, 139.49957275390625, 33.647544860839844, 172.41712951660156, 0.9731990694999695]]
[[0.0, 0.8473329544067383, 147.07684326171875, 29.89860248565674, 178.81802368164062, 0.9756897687911987]]
[[0.0, 0.8655548095703125, 153.322509765625, 27.229328155517578, 183.57400512695312, 0.9813380241394043]]
[[0.0, 0.7199811935424805, 154.5167236328125, 23.825215339660645, 186.10643005371094, 0.9810891151428223]]
[[0.0, 0.7090282440185547, 155.58612060546875, 22.160438537597656, 187.3405303955078, 0.9819424748420715]]
[[0.0, 0.7059173583984375, 157.87640380859375, 20.669269561767578, 188.6019744873047, 0.980974018573761]]
[[0.0, 1.0311040878295898, 173.7775421142578, 14.706436157226562, 199.6728973388672, 0.9727360010147095]]
[[0.0, 1.0359230041503906, 179.71554565429688, 11.398926734924316, 204.8245391845703, 0.9532139897346497]]
[[0.0, 1.0409388542175293, 179.6590576171875, 11.393669605255127, 204.77670288085938, 0.9528427124023438]]
[[0.0, 0.892094612121582, 188.71090698242188, 10.892094612121582, 215.0850067138672, 0.9356343746185303]]
[[0.0, 1.0702438354492188, 196.75209045410156, 11.070243835449219, 220.78282165527344, 0.916839063167572]]
[[0.0, 0.9056253433227539, 192.50494384765625, 10.905625343322754, 218.13656616210938, 0.9140433073043823]]
[[0.0, 0.9847073554992676, 193.25833129882812, 10.984707355499268, 218.6577606201172, 0.8772088885307312]]
[[0.0, 0.9922122955322266, 193.11605834960938, 10.992212295532227, 218.54135131835938, 0.8771259188652039]]
[[0.0, 0.9763693809509277, 195.81556701660156, 10.976369380950928, 220.07737731933594, 0.8709343671798706]]
[[0.0, 0.8909835815429688, 201.9999542236328, 10.890983581542969, 227.1389923095703, 0.8803868889808655]]
[]
[]
[]
[]
[]
[]
[]
[]
[]
